2.245540562859589E-5	0.0
4.4910811261676233E-5	0.0
6.736621704637656E-5	0.0
8.982162340103679E-5	0.0
1.1227703029570008E-4	0.0
1.3473243769428661E-4	0.0
1.5718784651659156E-4	0.0
1.79643256655058E-4	0.0
2.0209866711603917E-4	0.0
2.245540781760845E-4	0.0
2.470094899525518E-4	0.0
2.694649023590669E-4	0.0
2.919203160852547E-4	0.0
3.1437573094936526E-4	0.0
3.368311465369168E-4	0.0
3.5928656296111127E-4	0.0
3.8174198001559006E-4	0.0
4.0419739807632344E-4	0.0
4.2665281735090145E-4	0.0
4.4910823734845375E-4	0.0
4.715636580918973E-4	0.0
4.940190797863168E-4	0.0
5.164745018960368E-4	0.0
5.389299246489387E-4	0.0
5.613853478901098E-4	0.0
5.838407714778052E-4	0.0
6.062961957708619E-4	0.0
6.28751620581433E-4	0.0
6.512070461616812E-4	0.0
6.73662472746454E-4	0.0
6.96117899868959E-4	0.0
7.185733276957009E-4	0.0
7.410287562414411E-4	0.0
7.634841853471841E-4	0.0
7.859396156142897E-4	0.0
8.083950470982102E-4	0.0
8.308504796647049E-4	0.0
8.533059134525088E-4	0.0
8.757613480668229E-4	0.0
8.982167835885275E-4	0.0
9.206722202622327E-4	0.0
9.431276578566554E-4	0.0
9.655830965169408E-4	0.0
9.880385361148982E-4	0.0
0.00101049397634255	0.0
0.0010329494173947718	0.0
0.0010554048589989787	0.0
0.0010778603010950568	0.0
0.0011003157439405575	0.0
0.0011227711871274015	0.0
0.001145226630786732	0.0
0.0011676820751223725	0.0
0.0011901375197768671	0.0
0.001212592965024264	0.0
0.00123504841088792	0.0
0.0012575038571864814	0.0
0.0012799593043860945	0.0
0.001302414752466176	0.0
0.0013248702014962278	0.0
0.0013473256518438924	0.0
0.001369781103185318	0.0
0.001392236555568568	0.0
0.001414692009121367	0.0
0.0014371474635475078	0.0
0.0014596029191443094	0.0
0.0014820583759093768	0.0
0.0015045138335947437	0.0
0.0015269692923576877	0.0
0.0015494247518899839	0.0
0.001571880212122521	0.0
0.0015943356730441453	0.0
0.0016167911345589877	0.0
0.0016392465966149376	0.0
0.0016617020592830196	0.0
0.0016841575222108114	0.0
0.0017066129856775536	0.0
0.001729068449690323	0.0
0.0017515239140346503	0.0
0.0017739793790652828	0.0
0.0017964348446549794	0.0
0.0018188903108164159	0.0
0.001841345777958007	0.0
0.001863801245921469	0.0
0.0018862567148641202	0.0
0.0019087121849692018	0.0
0.0019311676559964457	0.0
0.0019536231281943725	0.0
0.001976078601565427	0.0
0.0019985340759753776	0.0
0.002020989551703982	0.0
0.0020434450284264128	0.0
0.0020659005060932796	0.0
0.002088355984671906	0.0
0.0021108114639904856	0.0
0.0021332669440512226	0.0
0.002155722424861993	0.0
0.0021781779061941053	0.0
0.0022006333881982895	0.0
0.002223088870727792	0.0
0.0022455443535272924	0.0
0.002267999836888227	1.3140596206768153E-16
0.0022904553206647303	-6.823012105466665E-17
0.002312910804876287	-1.0012565435880658E-15
0.0023353662898085974	3.088353783968634E-16
0.0023578217751403616	-4.545537056976358E-16
0.002380277260487914	-4.2444164276348486E-15
0.002402732745835466	-1.0250519060884372E-15
0.0024251882311830185	-2.4103753173676713E-16
0.0024476437165305708	-2.6496885479277615E-15
0.002470099201878123	3.10644282516012E-15
0.0024925546872256754	2.249624386473154E-15
0.0025150101725732277	-1.1634602294138465E-15
0.00253746565792078	3.0217272266482247E-16
0.0025599211432683323	-6.110045718211706E-16
0.0025823766286158845	-2.3758705178158094E-15
0.002604832113963437	2.2495407760347162E-15
0.002627287599310989	-1.716500119820322E-15
0.0026497430846585414	-5.0266328250467144E-15
0.0026721985700060937	-5.791051682393361E-15
0.002694654055353646	-7.797828849370281E-16
0.0027171095407011983	-5.859965683632267E-16
0.0027395650260487506	-2.9623526917341324E-15
0.002762020511396303	-4.889276904958077E-15
0.0027844759967438552	-7.24424763945381E-15
0.0028069314820914075	-2.8560009874060337E-15
0.00282938696743896	-4.667200684854085E-15
0.002851842452786512	-4.8167514160096415E-15
0.0028742979381340644	-6.206189912028886E-15
0.0028967534234816167	-4.731201772377823E-15
0.002919208908829169	2.7056958466511306E-15
0.0029416643941767213	2.3836553836638935E-15
0.0029641198795242736	-7.020230855373136E-15
0.002986575364871826	-6.896943997244953E-15
0.003009030850219378	-3.262266754978834E-15
0.0030314863355669305	-7.217264706621241E-15
0.0030539418209144828	-8.960686921833505E-15
0.003076397306262035	-6.204543549595437E-15
0.0030988527916095874	-5.6648055724822635E-15
0.0031213082769571397	-6.517605787031622E-15
0.003143763762304692	-3.008858624070725E-15
0.0031662192476522443	-2.3238385556706128E-15
0.0031886747329997966	-5.5323585662208775E-15
0.003211130218347349	-4.4015714399414255E-15
0.003233585703694901	-2.3068285467402886E-15
0.0032560411890424534	3.709655925118261E-15
0.0032784966743900057	5.837873567415347E-16
0.003300952159737558	-7.899902299794633E-15
0.0033234076450851103	-5.04141616986834E-15
0.0033458631304326626	1.5708637129924533E-15
0.003368318615780215	-1.7364415458756579E-15
0.0033907741011277672	-3.93985909463727E-15
0.0034132295864753195	1.0804307546726408E-15
0.003435685071822872	-4.068745765635851E-15
0.003458140557170424	-5.892408056852813E-15
0.0034805960425179764	-4.985217755690144E-16
0.0035030515278655287	-5.884927587415391E-16
0.003525507013213081	-1.6552722806217498E-16
0.0035479624985606333	5.414631842719468E-16
0.0035704179839081856	1.6941526767452528E-15
0.003592873469255738	1.886357619775197E-15
0.00361532895460329	-2.1636768995617525E-15
0.0036377844399508425	-1.8832425161337396E-15
0.003660239925298395	1.740620145656959E-15
0.003682695410645947	-2.403501857083583E-15
0.0037051508959934994	-3.210724156420832E-15
0.0037276063813410517	7.906720475257412E-15
0.003750061866688604	-5.030565334052031E-16
0.0037725173520361563	-5.827319536238879E-15
0.0037949728373837086	8.956083974910397E-15
0.003817428322731261	7.744339300932653E-15
0.003839883808078813	-4.181629625272007E-15
0.0038623392934263655	1.3235338483562558E-15
0.0038847947787739178	6.141638117801702E-17
0.0039072502641214705	-9.593002475815507E-15
0.003929705749469024	-1.887003151517628E-14
0.003952161234816577	-5.530805085494758E-14
0.00397461672016413	-1.4233434503100034E-13
0.003997072205511683	-3.420134893529639E-13
0.004019527690859236	-8.086319764213755E-13
0.0040419831762067895	-1.815320716926014E-12
0.004064438661554343	-3.937477266351851E-12
0.004086894146901896	-8.179800791623403E-12
0.004109349632249449	-1.6235514097130968E-11
0.004131805117597002	-3.089376209627254E-11
0.004154260602944555	-5.6415778820845705E-11
0.0041767160882921085	-9.900212927643262E-11
0.004199171573639662	-1.6730133601004296E-10
0.004221627058987215	-2.7293198213633987E-10
0.004244082544334768	-4.3118002552834224E-10
0.004266538029682321	-6.618982072195814E-10
0.004288993515029874	-9.907156856804708E-10
0.0043114490003774274	-1.4504110699597185E-9
0.004333904485724981	-2.081965865652546E-9
0.004356359971072534	-2.9352204023539383E-9
0.004378815456420087	-4.069277708916029E-9
0.00440127094176764	-5.553325024302119E-9
0.004423726427115193	-7.469318800845625E-9
0.004446181912462746	-9.916591578694707E-9
0.0044686373978103	-1.3016229713672671E-8
0.004491092883157853	-1.691217745516344E-8
0.004513548368505406	-2.176780290444555E-8
0.004536003853852959	-2.7762106081235507E-8
0.004558459339200512	-3.5093653176460476E-8
0.004580914824548065	-4.3995667556892494E-8
0.004603370309895619	-5.475230640221624E-8
0.004625825795243172	-6.769669329833436E-8
0.004648281280590725	-8.318309170743404E-8
0.004670736765938278	-1.0155735328316285E-7
0.004693192251285831	-1.2316744791001518E-7
0.004715647736633384	-1.4842388905622573E-7
0.0047381032219809376	-1.7785239554717865E-7
0.004760558707328491	-2.120568427110341E-7
0.004783014192676044	-2.5159622891577484E-7
0.004805469678023597	-2.9690954273109257E-7
0.00482792516337115	-3.4842220809530974E-7
0.004850380648718703	-4.067628860518607E-7
0.0048728361340662565	-4.7281517284510624E-7
0.00489529161941381	-5.474464887910648E-7
0.004917747104761363	-6.311774352454635E-7
0.004940202590108916	-7.24262445182479E-7
0.004962658075456469	-8.272171855855214E-7
0.004985113560804022	-9.411489448958427E-7
0.0050075690461515755	-1.0672976984898741E-6
0.005030024531499129	-1.2062025838641715E-6
0.005052480016846682	-1.3576394561009302E-6
0.005074935502194235	-1.5216546886044894E-6
0.005097390987541788	-1.6994115035424868E-6
0.005119846472889341	-1.8924814634680732E-6
0.0051423019582368945	-2.101270280679509E-6
0.005164757443584448	-2.324796729804037E-6
0.005187212928932001	-2.5624476082742893E-6
0.005209668414279554	-2.8153804552700605E-6
0.005232123899627107	-3.0853578154701165E-6
0.00525457938497466	-3.372430146844853E-6
0.0052770348703222135	-3.674876081422873E-6
0.005299490355669767	-3.991703465197354E-6
0.00532194584101732	-4.32406769074205E-6
0.005344401326364873	-4.673396937843403E-6
0.005366856811712426	-5.0390341356890285E-6
0.005389312297059979	-5.419006923843733E-6
0.0054117677824075325	-5.812631208967765E-6
0.005434223267755086	-6.220830577549971E-6
0.005456678753102639	-6.643908737923504E-6
0.005479134238450192	-7.080604073414824E-6
0.005501589723797745	-7.529780549641252E-6
0.005524045209145298	-7.99155878626803E-6
0.0055465006944928515	-8.466022203588989E-6
0.005568956179840405	-8.952186306584733E-6
0.005591411665187958	-9.449280730945465E-6
0.005613867150535511	-9.957844392572663E-6
0.005636322635883064	-1.0478352403341761E-5
0.005658778121230617	-1.1009835984111733E-5
0.0056812336065781704	-1.1551198900125045E-5
0.005703689091925724	-1.2102939653299264E-5
0.005726144577273277	-1.2666122707389024E-5
0.00574860006262083	-1.324049609256675E-5
0.005771055547968383	-1.3825156901400003E-5
0.005793511033315936	-1.4420342649017278E-5
0.005815966518663489	-1.5027017880920459E-5
0.005838422004011043	-1.5645352518208062E-5
0.005860877489358596	-1.6275125502925746E-5
0.005883332974706149	-1.691697699884774E-5
0.005905788460053702	-1.7571771445690614E-5
0.005928243945401255	-1.8239381408780375E-5
0.005950699430748808	-1.8919510650600218E-5
0.005973154916096362	-1.9612971969590918E-5
0.005995610401443915	-2.0320773025486574E-5
0.006018065886791468	-2.104274794532544E-5
0.006040521372139021	-2.1778402268438968E-5
0.006062976857486574	-2.2528218600766796E-5
0.006085432342834127	-2.3292887500997928E-5
0.0061078878281816806	-2.40721876389688E-5
0.006130343313529234	-2.486571939102667E-5
0.006152798798876787	-2.5673717692277555E-5
0.00617525428422434	-2.6496205281685204E-5
0.006197709769571893	-2.7332464333317183E-5
0.006220165254919446	-2.818212828568378E-5
0.0062426207402669995	-2.904564198819678E-5
0.006265076225614553	-2.992309112228541E-5
0.006287531710962106	-3.0813788566343644E-5
0.006309987196309659	-3.1717329551826523E-5
0.006332442681657212	-3.263377791220797E-5
0.006354898167004765	-3.3562683811611144E-5
0.0063773536523523185	-3.4503177117850576E-5
0.006399809137699872	-3.5454983453406666E-5
0.006422264623047425	-3.6418240883872286E-5
0.006444720108394978	-3.739267748694521E-5
0.006467175593742531	-3.8378047108039614E-5
0.006489631079090084	-3.937484919854103E-5
0.0065120865644376375	-4.0383671037128054E-5
0.006534542049785191	-4.140443887121117E-5
0.006556997535132744	-4.243697155748785E-5
0.006579453020480297	-4.3481438957900985E-5
0.00660190850582785	-4.453780926993649E-5
0.006624363991175403	-4.560579616324699E-5
0.0066468194765229565	-4.6685664141389674E-5
0.00666927496187051	-4.777819407780133E-5
0.006691730447218063	-4.888383164441124E-5
0.006714185932565616	-5.00027281005099E-5
0.006736641417913169	-5.113534830701775E-5
0.006759096903260722	-5.228214931395336E-5
0.0067815523886082755	-5.344301387006461E-5
0.006804007873955829	-5.461766978001289E-5
0.006826463359303382	-5.5806129477600246E-5
0.006848918844650935	-5.700829137641707E-5
0.006871374329998488	-5.822387863629454E-5
0.006893829815346041	-5.945308202582045E-5
0.0069162853006935945	-6.0696487820064735E-5
0.006938740786041148	-6.195429270953536E-5
0.006961196271388701	-6.322626440152176E-5
0.006983651756736254	-6.451216044821569E-5
0.007006107242083807	-6.581146231257879E-5
0.00702856272743136	-6.71231687361349E-5
0.0070510182127789135	-6.844645837303078E-5
0.007073473698126467	-6.97811098906638E-5
0.00709592918347402	-7.112715201541318E-5
0.007118384668821573	-7.248482176105794E-5
0.007140840154169126	-7.385480587649974E-5
0.007163295639516679	-7.523777203248793E-5
0.0071857511248642324	-7.663374052227074E-5
0.007208206610211786	-7.804224386046425E-5
0.007230662095559339	-7.946265842991567E-5
0.007253117580906892	-8.089419968696927E-5
0.007275573066254445	-8.233620305219255E-5
0.007298028551601998	-8.378866642831801E-5
0.007320484036949551	-8.525229905794364E-5
0.007342939522297105	-8.672815070460986E-5
0.007365395007644658	-8.821734165877896E-5
0.007387850492992211	-8.972085197517012E-5
0.007410305978339764	-9.123919512394089E-5
0.007432761463687317	-9.277217956657814E-5
0.00745521694903487	-9.43190794428909E-5
0.007477672434382424	-9.58791073793636E-5
0.007500127919729977	-9.745166390827434E-5
0.00752258340507753	-9.903639881504747E-5
0.007545038890425083	-1.0063354956610325E-4
0.007567494375772636	-1.0224403054346708E-4
0.007589949861120189	-1.0386875690518965E-4
0.0076124053464677426	-1.0550823129298488E-4
0.007634860831815296	-1.0716273816076797E-4
0.007657316317162849	-1.0883203595624485E-4
0.007679771802510402	-1.105150659466311E-4
0.007702227287857955	-1.1221072861138615E-4
0.007724682773205508	-1.1391832336335346E-4
0.0077471382585530615	-1.156370906221111E-4
0.007769593743900615	-1.1736657894313112E-4
0.007792049229248168	-1.1910722538996033E-4
0.007814504714595721	-1.2085961687078564E-4
0.007836960199943272	-1.2262411590209762E-4
0.007859415685290824	-1.244014314681893E-4
0.007881871170638375	-1.2619208088742966E-4
0.007904326655985927	-1.27995714152776E-4
0.007926782141333478	-1.2981194251679402E-4
0.00794923762668103	-1.3164057451623714E-4
0.007971693112028581	-1.3348096918037444E-4
0.007994148597376132	-1.3533269803886775E-4
0.008016604082723684	-1.3719605419248743E-4
0.008039059568071235	-1.3907116787770357E-4
0.008061515053418787	-1.4095817210670595E-4
0.008083970538766338	-1.428579100093085E-4
0.00810642602411389	-1.4477111168212454E-4
0.008128881509461441	-1.4669814003576752E-4
0.008151336994808992	-1.4863977772693423E-4
0.008173792480156544	-1.5059655189018253E-4
0.008196247965504095	-1.5256812091354383E-4
0.008218703450851647	-1.5455416532457738E-4
0.008241158936199198	-1.565542324015392E-4
0.00826361442154675	-1.585672065096618E-4
0.008286069906894301	-1.605923829182873E-4
0.008308525392241852	-1.626296612692411E-4
0.008330980877589404	-1.646787226259671E-4
0.008353436362936955	-1.6673974408155866E-4
0.008375891848284507	-1.6881358998543754E-4
0.008398347333632058	-1.7090057529791738E-4
0.00842080281897961	-1.7300081160030425E-4
0.008443258304327161	-1.7511472945532896E-4
0.008465713789674712	-1.7724199201540392E-4
0.008488169275022264	-1.793817975248652E-4
0.008510624760369815	-1.8153387258663934E-4
0.008533080245717367	-1.8369764444771766E-4
0.008555535731064918	-1.8587236791688195E-4
0.00857799121641247	-1.8805825794436921E-4
0.008600446701760021	-1.9025556493837135E-4
0.008622902187107572	-1.9246414865663888E-4
0.008645357672455124	-1.946846450225698E-4
0.008667813157802675	-1.969177642066353E-4
0.008690268643150227	-1.9916354426715343E-4
0.008712724128497778	-2.0142254103018383E-4
0.00873517961384533	-2.0369549193548607E-4
0.008757635099192881	-2.059823994536768E-4
0.008780090584540432	-2.082835542648116E-4
0.008802546069887984	-2.105993199270629E-4
0.008825001555235535	-2.129290699660554E-4
0.008847457040583087	-2.1527230922349847E-4
0.008869912525930638	-2.1762895861132033E-4
0.00889236801127819	-2.1999830133010768E-4
0.008914823496625741	-2.223799288074198E-4
0.008937278981973292	-2.2477419079548934E-4
0.008959734467320844	-2.2718099018689478E-4
0.008982189952668395	-2.2960034760467868E-4
0.009004645438015947	-2.3203283833171074E-4
0.009027100923363498	-2.344783864260084E-4
0.00904955640871105	-2.369368079806691E-4
0.009072011894058601	-2.3940847921725196E-4
0.009094467379406153	-2.4189313835342368E-4
0.009116922864753704	-2.4439027034569265E-4
0.009139378350101255	-2.468999662960789E-4
0.009161833835448807	-2.494218726984111E-4
0.009184289320796358	-2.5195547166500815E-4
0.00920674480614391	-2.545009661777735E-4
0.009229200291491461	-2.5705821725642813E-4
0.009251655776839013	-2.596269143280777E-4
0.009274111262186564	-2.6220754167734575E-4
0.009296566747534115	-2.648003190978225E-4
0.009319022232881667	-2.6740522636644845E-4
0.009341477718229218	-2.700230164364225E-4
0.00936393320357677	-2.726541555233879E-4
0.009386388688924321	-2.7529866614762344E-4
0.009408844174271873	-2.7795712356625484E-4
0.009431299659619424	-2.806296403916956E-4
0.009453755144966975	-2.8331574341471913E-4
0.009476210630314527	-2.8601562504416587E-4
0.009498666115662078	-2.887292908392399E-4
0.00952112160100963	-2.914562766193679E-4
0.009543577086357181	-2.941967797393758E-4
0.009566032571704733	-2.969507641355116E-4
0.009588488057052284	-2.9971761083368123E-4
0.009610943542399835	-3.0249733464647583E-4
0.009633399027747387	-3.0528979240177173E-4
0.009655854513094938	-3.0809431558449904E-4
0.00967830999844249	-3.109109966421481E-4
0.009700765483790041	-3.137399604078933E-4
0.009723220969137593	-3.165808680508561E-4
0.009745676454485144	-3.194340755471365E-4
0.009768131939832695	-3.222998667779985E-4
0.009790587425180247	-3.2517794027397474E-4
0.009813042910527798	-3.280686053485841E-4
0.00983549839587535	-3.3097204848158015E-4
0.009857953881222901	-3.338878103249513E-4
0.009880409366570453	-3.368160285935723E-4
0.009902864851918004	-3.397567971670523E-4
0.009925320337265555	-3.42709702723205E-4
0.009947775822613107	-3.4567505001491917E-4
0.009970231307960658	-3.486531233774262E-4
0.00999268679330821	-3.516436586213133E-4
0.010015142278655761	-3.546470757331919E-4
0.010037597764003313	-3.5766374229209897E-4
0.010060053249350864	-3.606934581382918E-4
0.010082508734698415	-3.63736689796667E-4
0.010104964220045967	-3.667937868821322E-4
0.010127419705393518	-3.6986446935222426E-4
0.01014987519074107	-3.729490702819547E-4
0.010172330676088621	-3.760476846792806E-4
0.010194786161436173	-3.791596643819207E-4
0.010217241646783724	-3.8228496887626523E-4
0.010239697132131275	-3.854234153355248E-4
0.010262152617478827	-3.8857427319780095E-4
0.010284608102826378	-3.9173761042774207E-4
0.01030706358817393	-3.9491340850089456E-4
0.010329519073521481	-3.9810109235667606E-4
0.010351974558869036	-4.0130086907938105E-4
0.010374430044216591	-4.04512821014881E-4
0.010396885529564146	-4.077364767777759E-4
0.010419341014911702	-4.1097216470120727E-4
0.01044179650025926	-4.142200827059389E-4
0.010464251985606823	-4.1747992111057123E-4
0.01048670747095439	-4.2075220357222184E-4
0.010509162956301964	-4.2403727503754633E-4
0.010531618441649546	-4.273349232133488E-4
0.010554073926997143	-4.3064568664228167E-4
0.010576529412344758	-4.339698218190828E-4
0.010598984897692398	-4.373070106233336E-4
0.010621440383040075	-4.406576441142834E-4
0.0106438958683878	-4.440217508687581E-4
0.010666351353735589	-4.473988236521114E-4
0.010688806839083465	-4.5078913433368615E-4
0.010711262324431455	-4.5419265536512796E-4
0.010733717809779598	-4.5760894833269815E-4
0.01075617329512794	-4.610383673127022E-4
0.01077862878047654	-4.644808992025393E-4
0.010801084265825472	-4.6793616538435667E-4
0.010823539751174834	-4.7140459003763754E-4
0.010845995236524743	-4.7488619437153514E-4
0.010868450721875348	-4.783806670491702E-4
0.010890906207226828	-4.818884071372E-4
0.010913361692579412	-4.854092637068955E-4
0.010935817177933377	-4.889427545406497E-4
0.010958272663289059	-4.924890704553148E-4
0.010980728148646866	-4.960478416644972E-4
0.0110031836340073	-4.996185443269043E-4
0.011025639119370953	-5.032014414601379E-4
0.011048094604738544	-5.067963193877648E-4
0.01107055009011093	-5.104029635272696E-4
0.011093005575489128	-5.14021890328277E-4
0.011115461060874344	-5.176530128771541E-4
0.011137916546268	-5.212962540774764E-4
0.011160372031671771	-5.24952186729368E-4
0.011182827517087613	-5.286207388870663E-4
0.011205283002517812	-5.323019471041635E-4
0.011227738487965024	-5.359964323587231E-4
0.011250193973432321	-5.397041113392602E-4
0.011272649458923256	-5.43425074820738E-4
0.011295104944441909	-5.471598948748236E-4
0.011317560429992957	-5.509083585591987E-4
0.01134001591558174	-5.54670454878273E-4
0.011362471401214335	-5.58446519236743E-4
0.011384926886897634	-5.622360605543187E-4
0.011407382372639427	-5.66038893686507E-4
0.011429837858448493	-5.698551256209163E-4
0.011452293344334681	-5.736840772882876E-4
0.011474748830309007	-5.775255228765658E-4
0.011497204316383755	-5.813795142024867E-4
0.01151965980257258	-5.8524542841859E-4
0.011542115288890615	-5.891232706107824E-4
0.011564570775354575	-5.930132773695557E-4
0.011587026261982844	-5.969150561125204E-4
0.011609481748795565	-6.008289044121859E-4
0.011631937235814759	-6.047552126898962E-4
0.011654392723064433	-6.086937386506038E-4
0.01167684821057069	-6.126449138356552E-4
0.01169930369836179	-6.166090505514663E-4
0.011721759186468178	-6.205858065363091E-4
0.011744214674922525	-6.245755286762527E-4
0.01176667016375981	-6.285783647613992E-4
0.011789125653017447	-6.325939578667113E-4
0.01181158114273533	-6.366227215480169E-4
0.011834036632955744	-6.406647619683761E-4
0.011856492123723176	-6.447197376149529E-4
0.011878947615084248	-6.487880319260531E-4
0.011901403107087857	-6.528695774010602E-4
0.011923858599785345	-6.569639653201268E-4
0.011946314093230373	-6.610715247263798E-4
0.011968769587478358	-6.651920879196942E-4
0.011991225082585898	-6.69325330469491E-4
0.012013680578610762	-6.73471673399249E-4
0.012036136075612448	-6.776309633258405E-4
0.012058591573652478	-6.818029868459342E-4
0.012081047072793527	-6.859881607939427E-4
0.012103502573097745	-6.901862223645891E-4
0.012125958074625895	-6.943969766605792E-4
0.012148413577438438	-6.986207772089723E-4
0.012170869081597292	-7.028572412820772E-4
0.012193324587165532	-7.0710616642895E-4
0.012215780094204046	-7.113677800437054E-4
0.012238235602768235	-7.156415765674722E-4
0.01226069111290894	-7.199274271118563E-4
0.01228314662467728	-7.242255881035702E-4
0.01230560213812731	-7.285356568858545E-4
0.01232805765331133	-7.328577808220569E-4
0.01235051317027152	-7.371923907204951E-4
0.012372968689038161	-7.41539300586863E-4
0.012395424209638777	-7.458989415094764E-4
0.012417879732108134	-7.502717900637834E-4
0.012440335256484619	-7.546576502083632E-4
0.012462790782793637	-7.590569277793879E-4
0.012485246311037767	-7.634698730120514E-4
0.012507701841209544	-7.678961436285341E-4
0.012530157373314772	-7.723360650137484E-4
0.012552612907375716	-7.76789672479853E-4
0.012575068443404286	-7.812565386442701E-4
0.012597523981376098	-7.857369446132218E-4
0.012619979521242943	-7.902307412319437E-4
0.01264243506297529	-7.947374190132085E-4
0.01266489060658142	-7.992571262712423E-4
0.012687346152071377	-8.037894549501362E-4
0.0127098016994062	-8.0833385644039E-4
0.012732257248502283	-8.128905271402418E-4
0.012754712799295813	-8.174591394299566E-4
0.012777168351787544	-8.220394585986491E-4
0.012799623906002254	-8.266319268607707E-4
0.012822079461907429	-8.312363670346429E-4
0.01284453501940022	-8.358528251497632E-4
0.012866990578390858	-8.404818865524065E-4
0.012889446138878564	-8.451234374174379E-4
0.012911901700914134	-8.497776753525811E-4
0.012934357264490645	-8.544451346182589E-4
0.012956812829507905	-8.591256014694728E-4
0.012979268395865719	-8.63819277075212E-4
0.013001723963566397	-8.685265136216592E-4
0.01302417953268754	-8.732469267433579E-4
0.013046635103258626	-8.779806504605898E-4
0.01306909067520718	-8.827278292131102E-4
0.013091546248447251	-8.874880055685211E-4
0.01311400182298969	-8.922613742550636E-4
0.013136457398927099	-8.97047985686509E-4
0.013158912976319943	-9.018473842832261E-4
0.013181368555139588	-9.066597901880301E-4
0.013203824135335551	-9.11485112125278E-4
0.013226279716924532	-9.163229105574423E-4
0.013248735299984698	-9.211734474457788E-4
0.01327119088457959	-9.260365477895724E-4
0.013293646470719908	-9.309118826984942E-4
0.013316102058397254	-9.357998326496765E-4
0.013338557647625452	-9.40700261605707E-4
0.013361013238440252	-9.456130562854412E-4
0.013383468830881262	-9.50538681110918E-4
0.013405924424987139	-9.55476915308469E-4
0.013428380020790517	-9.604276666525781E-4
0.013450835618301458	-9.653912809879381E-4
0.013473291217509661	-9.70367400996828E-4
0.013495746818421602	-9.753560122458283E-4
0.013518202421084285	-9.803574403826273E-4
0.013540658025548378	-9.853713515439117E-4
0.013563113631811792	-9.903979262089772E-4
0.013585569239825353	-9.95437522687527E-4
0.01360802484955768	-0.0010004898679285726
0.013630480461028374	-0.0010055552678966192
0.013652936074264285	-0.0010106339742784346
0.013675391689244532	-0.0010157256661924433
0.01369784730590912	-0.0010208306586651434
0.013720302924209634	-0.0010259490297551438
0.013742758544131066	-0.001031080409202538
0.013765214165670876	-0.0010362250752837085
0.013787669788817772	-0.0010413829079573018
0.013810125413550685	-0.0010465535255680153
0.01383258103984165	-0.001051737203400322
0.013855036667659346	-0.0010569337064779793
0.013877492296985454	-0.0010621427230244156
0.013899947927827944	-0.0010673645158681523
0.013922403560200877	-0.0010725987415590545
0.01394485919408797	-0.0010778451874906736
0.013967314829443654	-0.0010831041281732375
0.013989770466236019	-0.0010883752089279628
0.014012226104471328	-0.001093658405477547
0.01403468174416727	-0.0010989540484724995
0.014057137385319624	-0.0011042618671183583
0.014079593027910247	-0.0011095820972767516
0.014102048671936608	-0.0011149151468948613
0.01412450431741956	-0.0011202608353812792
0.014146959964391697	-0.0011256195417565032
0.01416941561289214	-0.0011309915594182884
0.014191871262964093	-0.0011363766411332536
0.014214326914641468	-0.00114177513571982
0.01423678256794165	-0.0011471871016943244
0.014259238222882331	-0.0011526121950548279
0.014281693879496665	-0.0011580507012909221
0.014304149537815737	-0.0011635024853732445
0.014326605197840743	-0.001168967220587658
0.01434906085954768	-0.0011744451940180695
0.01437151652291627	-0.0011799361410932438
0.01439397218794105	-0.0011854397804849268
0.014416427854619846	-0.0011909563477552362
0.014438883522949161	-0.001196485456483514
0.014461339192930623	-0.0012020269169364598
0.014483794864568581	-0.001207580945568624
0.014506250537863738	-0.0012131471338088446
0.014528706212822469	-0.0012187254712926557
0.014551161889467666	-0.0012243162209944689
0.014573617567822501	-0.001229919086859222
0.014596073247882459	-0.0012355343206305652
0.014618528929615593	-0.0012411622295363395
0.014640984612986827	-0.0012468025921297185
0.014663440297966844	-0.0012524557659602624
0.014685895984519803	-0.0012581219269727534
0.014708351672599507	-0.0012638008393409934
0.01473080736216031	-0.0012694928831906965
0.014753263053163183	-0.0012751980890615352
0.014775718745578075	-0.0012809162616786382
0.014798174439397105	-0.0012866478099899563
0.014820630134643964	-0.001292392648420409
0.014843085831357471	-0.0012981506394766369
0.014865541529568609	-0.0013039221303883252
0.014887997229303679	-0.0013097068357696357
0.01491045293060024	-0.0013155045924566557
0.014932908633501064	-0.0013213155948563994
0.014955364338032656	-0.0013271393920181369
0.014977820044199383	-0.0013329758702992193
0.015000275751991804	-0.0013388251346589989
0.015022731461389369	-0.0013446866976634963
0.015045187172363621	-0.0013505605882408597
0.015067642884893642	-0.0013564468942971006
0.015090098598975752	-0.0013623452212009931
0.015112554314612886	-0.001368255800434626
0.015135010031806978	-0.001374178727851369
0.015157465750573008	-0.0013801137502088801
0.015179921470950423	-0.0013860612730816069
0.015202377192989726	-0.001392021379064471
0.015224832916734134	-0.0013979939583061802
0.015247288642216637	-0.001403979501856044
0.015269744369458577	-0.0014099780058020447
0.01529220009846001	-0.0014159894532427115
0.015314655829199643	-0.00142201432905999
0.015337111561647876	-0.0014280525221340699
0.015359567295769622	-0.0014341040816065905
0.015382023031514983	-0.0014401693689100664
0.015404478768824193	-0.0014462480679487786
0.015426934507648498	-0.0014523401585291827
0.015449390247959308	-0.001458445729344656
0.01547184598974159	-0.0014645642405894156
0.015494301732992918	-0.0014706956312605308
0.015516757477727447	-0.0014768398158677668
0.01553921322396785	-0.0014829962637949712
0.015561668971734083	-0.0014891650823631356
0.015584124721046692	-0.0014953462012006848
0.01560658047193125	-0.0015015392702343213
0.015629036224405993	-0.0015077445824326241
0.015651491978469736	-0.0015139620593401092
0.015673947734109683	-0.0015201915274241293
0.01569640349131371	-0.0015264334150331216
0.015718859250070102	-0.0015326876587727911
0.015741315010367414	-0.0015389543063767965
0.015763770772202614	-0.0015452338802247564
0.01578622653558176	-0.001551526313463319
0.01580868230051114	-0.0015578318109723843
0.01583113806699891	-0.0015641508375958267
0.015853593835065967	-0.0015704832050068454
0.01587604960474289	-0.0015768291000593686
0.015898505376054844	-0.0015831887222815014
0.01592096114901767	-0.0015895616653142973
0.015943416923644153	-0.001595948025930171
0.015965872699942926	-0.0016023477378727545
0.015988328477914943	-0.0016087603020707492
0.016010784257559516	-0.0016151858198079462
0.01603324003887824	-0.0016216240799330002
0.016055695821866754	-0.0016280746613196034
0.016078151606510892	-0.0016345377614588876
0.01610060739279642	-0.00164101313409075
0.016123063180713725	-0.0016475005453722188
0.01614551897024934	-0.001654000301944687
0.016167974761382216	-0.0016605121771389802
0.016190430554090137	-0.0016670361767605697
0.016212886348351427	-0.0016735726984802451
0.016235342144142136	-0.0016801215616252744
0.016257797941441894	-0.0016866829821365673
0.01628025374024146	-0.001693257348810741
0.016302709540538123	-0.001699844489539628
0.016325165342107425	-0.001706444745288686
0.016347621143571852	-0.001713058381448597
0.016370076942424754	-0.0017196851680177192
0.016392532737634368	-0.00172632542256815
0.01641498852935324	-0.0017329791494618382
0.016437444317615072	-0.001739646016694575
0.016459900102391168	-0.0017463262576752879
0.01648235588371987	-0.0017530196431391994
0.016504811661826012	-0.0017597258442532799
0.016527267437112785	-0.0017664450656953619
0.01654972321005308	-0.0017731769670962722
0.01657217898109452	-0.0017799213576367152
0.01659463475061299	-0.0017866784661718816
0.016617090518913247	-0.0017934479317380614
0.016639546286221905	-0.0018002297375896924
0.016662002052644967	-0.0018070240957980906
0.016684457818083587	-0.0018138306570819613
0.016706913581362264	-0.001820649584157115
0.016729369340403286	-0.0018274810686012483
0.0167518250955712	-0.0018343248513782088
0.01677428084737622	-0.0018411812833632603
0.0167967365963098	-0.0018480505238261133
0.01681919234283111	-0.0018549324212066853
0.016841648087417286	-0.0018618274163375802
0.01686410383058459	-0.0018687355239126865
0.016886559572825918	-0.0018756566028003956
0.01690901531446267	-0.0018825910142468807
0.016931471053657148	-0.001889538554214586
0.016953926789679594	-0.0018964990997912298
0.016976382521820526	-0.0019034729299330342
0.016998838250053966	-0.001910459722097301
0.01702129397451454	-0.0019174594547520993
0.017043749695523396	-0.0019244723286828153
0.017066205413556038	-0.0019314979560297648
0.01708866112913727	-0.0019385364074283136
0.01711111684270958	-0.0019455877557233202
0.017133572554555557	-0.0019526515796347821
0.01715602826483242	-0.001959728031745145
0.017178483973684745	-0.0019668170795217096
0.017200939681323406	-0.0019739183904764544
0.01722339538798883	-0.00198103225999452
0.017245851093827935	-0.0019881586242001363
0.0172683067976911	-0.0019952973176838125
0.017290762497349347	-0.0020024487297928485
0.017313218193132127	-0.0020096127365684534
0.01733567388543527	-0.002016789313320278
0.01735812957470979	-0.0020239788443336027
0.017380585261465464	-0.0020311811247744286
0.01740304094625326	-0.002038396246289572
0.01742549662961086	-0.0020456245186485818
0.017447952311996102	-0.0020528656769922085
0.01747040799374719	-0.002060119908717767
0.017492863673609277	-0.0020673873906998396
0.017515319349941903	-0.0020746678104617317
0.017537775022514863	-0.002081961398547367
0.01756023069128801	-0.0020892681584696073
0.0175826863563661	-0.002096587771711439
0.0176051420180537	-0.0021039204831443674
0.017627597676788904	-0.002111266123145445
0.017650053333010278	-0.002118624406360657
0.017672508987063136	-0.0021259955553672057
0.01769496463920627	-0.0021333792697738295
0.017717420289686026	-0.0021407753839213883
0.017739875938787515	-0.0021481841345305534
0.01776233158680253	-0.002155605207740889
0.01778478723393724	-0.0021630386432816583
0.017807242880125116	-0.0021704846969930296
0.01782969852422211	-0.0021779430976373864
0.017852154164154786	-0.0021854140663263777
0.01787460980013541	-0.002192897800665639
0.01789706543270911	-0.002200394060453146
0.01791952106242224	-0.0022079031715899924
0.01794197668974849	-0.002215425220411848
0.017964432315110447	-0.002222960031217603
0.017986887938944478	-0.0022305079952183128
0.01800934356171889	-0.0022380690739550657
0.018031799183866076	-0.0022456431546794865
0.01805425480431401	-0.0022532305801403665
0.018076710421246388	-0.002260831119111135
0.0180991660341589	-0.0022684446639336937
0.01812162164320362	-0.0022760714013780924
0.018144077248710613	-0.0022837109176913283
0.018166532851042607	-0.0022913631441338123
0.018188988450483716	-0.0022990281465674707
0.018211444047254218	-0.0023067054864116905
0.018233899641615946	-0.002314395246917928
0.01825635523394291	-0.002322097444042154
0.018278810824670394	-0.0023298117207848066
0.0183012664141616	-0.0023375383017720758
0.018323722002612022	-0.0023452771317695343
0.018346177590068548	-0.0023530279685888555
0.01836863317652283	-0.0023607911333326
0.018391088761115212	-0.002368566507917677
0.018413544341629662	-0.0023763540060508753
0.018435999918248465	-0.0023841539984724497
0.018458455491413856	-0.00239196631178125
0.018480911061625353	-0.002399790994374169
0.018503366629391782	-0.00240762834210309
0.018525822195206845	-0.00241547805489168
0.018548277759541067	-0.0024233401958722958
0.01857073332283044	-0.00243121483992437
0.018593188885448222	-0.002439101538033199
0.01861564444628337	-0.0024470003297217117
0.01863810000355981	-0.0024549110638542654
0.018660555556966874	-0.002462833240408205
0.018683011106636074	-0.00247076690693901
0.018705466652753883	-0.002478711746940289
0.01872792219553883	-0.0024866673144324568
0.018750377735258342	-0.002494633671181984
0.018772833272250364	-0.0025026103858146994
0.01879528880691	-0.002510597130247877
0.018817744339638565	-0.002518593965105538
0.01884019987078903	-0.0025266004082690396
0.01886265540064127	-0.0025346162925275486
0.018885110929406146	-0.0025426416432002027
0.01890756645722935	-0.002550675954110307
0.01893002198417351	-0.002558719172409826
0.018952477509244024	-0.0025667711979309696
0.018974933030271125	-0.002574831491546529
0.01899738854745302	-0.002582900037384422
0.019019844061200594	-0.002590976541747362
0.019042299572001962	-0.002599060432219047
0.019064755080368753	-0.002607151642926185
0.019087210586790457	-0.0026152496470717374
0.019109666091715553	-0.002623353852212089
0.019132121595548997	-0.0026314640886078715
0.01915457709863941	-0.0026395796307792665
0.01917703259981678	-0.0026476999248008053
0.01919948809746581	-0.0026558247006734353
0.019221943591288433	-0.0026639531326524083
0.019244399081376266	-0.00267208476718901
0.019266854567890776	-0.0026802192249482217
0.019289310051070707	-0.002688355623824536
0.019311765531226505	-0.0026964935608867276
0.019334221008715707	-0.002704632469910378
0.019356676483909804	-0.0027127714197802124
0.019379131957166274	-0.0027209100023515512
0.019401587428809725	-0.0027290474473212895
0.019424042899117148	-0.0027371828110293516
0.019446498368302933	-0.002745315606625363
0.019468953836505303	-0.002753444813481506
0.019491409303777647	-0.002761569434364579
0.01951386476927457	-0.0027696887835260515
0.019536320230917063	-0.0027778015562207772
0.019558775688739462	-0.0027859066389845743
0.0195812311431271	-0.0027940029860851626
0.019603686594512226	-0.0028020889317793727
0.019626142043364023	-0.0028101632049772614
0.019648597490179526	-0.0028182244711557084
0.019671052935454358	-0.0028262709099519385
0.01969350837963275	-0.0028343010751733537
0.01971596382305918	-0.0028423131131533105
0.019738419264725617	-0.002850304873328413
0.01976087470283314	-0.0028582747159064635
0.019783330137133345	-0.0028662204785249367
0.019805785567715214	-0.0028741397897223144
0.01982824099473576	-0.0028820305897927327
0.0198506964184171	-0.002889890298079134
0.019873151839049724	-0.0028977166396428793
0.01989560725698517	-0.00290550740411384
0.019918062672607116	-0.002913259807480652
0.019940518086288963	-0.00292097151603508
0.019962973498358474	-0.002928640128281974
0.01998542890908276	-0.002936263061386291
0.02000788431866721	-0.00294383814079425
