2.245540562859589E-5	0.0
4.4910811261676233E-5	0.0
6.736621704637656E-5	0.0
8.982162340103679E-5	0.0
1.1227703029570008E-4	0.0
1.3473243769428661E-4	0.0
1.5718784651659156E-4	0.0
1.79643256655058E-4	0.0
2.0209866711603917E-4	0.0
2.245540781760845E-4	0.0
2.470094899525518E-4	0.0
2.694649023590669E-4	0.0
2.919203160852547E-4	0.0
3.1437573094936526E-4	0.0
3.368311465369168E-4	0.0
3.5928656296111127E-4	0.0
3.8174198001559006E-4	0.0
4.0419739807632344E-4	0.0
4.2665281735090145E-4	0.0
4.4910823734845375E-4	0.0
4.715636580918973E-4	0.0
4.940190797863168E-4	0.0
5.164745018960368E-4	0.0
5.389299246489387E-4	0.0
5.613853478901098E-4	0.0
5.838407714778052E-4	0.0
6.062961957708619E-4	0.0
6.28751620581433E-4	0.0
6.512070461616812E-4	0.0
6.73662472746454E-4	0.0
6.96117899868959E-4	0.0
7.185733276957009E-4	0.0
7.410287562414411E-4	0.0
7.634841853471841E-4	0.0
7.859396156142897E-4	0.0
8.083950470982102E-4	0.0
8.308504796647049E-4	0.0
8.533059134525088E-4	0.0
8.757613480668229E-4	0.0
8.982167835885275E-4	0.0
9.206722202622327E-4	0.0
9.431276578566554E-4	0.0
9.655830965169408E-4	0.0
9.880385361148982E-4	0.0
0.00101049397634255	0.0
0.0010329494173947718	0.0
0.0010554048589989787	0.0
0.0010778603010950568	0.0
0.0011003157439405575	0.0
0.0011227711871274015	0.0
0.001145226630786732	0.0
0.0011676820751223725	0.0
0.0011901375197768671	0.0
0.001212592965024264	0.0
0.00123504841088792	0.0
0.0012575038571864814	0.0
0.0012799593043860945	0.0
0.001302414752466176	0.0
0.0013248702014962278	0.0
0.0013473256518438924	0.0
0.001369781103185318	0.0
0.001392236555568568	0.0
0.001414692009121367	0.0
0.0014371474635475078	0.0
0.0014596029191443094	0.0
0.0014820583759093768	0.0
0.0015045138335947437	0.0
0.0015269692923576877	0.0
0.0015494247518899839	0.0
0.001571880212122521	0.0
0.0015943356730441453	0.0
0.0016167911345589877	0.0
0.0016392465966149376	0.0
0.0016617020592830196	0.0
0.0016841575222108114	0.0
0.0017066129856775536	0.0
0.001729068449690323	0.0
0.0017515239140346503	0.0
0.0017739793790652828	0.0
0.0017964348446549794	0.0
0.0018188903108164159	0.0
0.001841345777958007	0.0
0.001863801245921469	0.0
0.0018862567148641202	0.0
0.0019087121849692018	0.0
0.0019311676559964457	0.0
0.0019536231281943725	0.0
0.001976078601565427	0.0
0.0019985340759753776	0.0
0.002020989551703982	0.0
0.0020434450284264128	0.0
0.0020659005060932796	0.0
0.002088355984671906	0.0
0.0021108114639904856	0.0
0.0021332669440512226	0.0
0.002155722424861993	0.0
0.0021781779061941053	0.0
0.0022006333881982895	0.0
0.002223088870727792	0.0
0.0022455443535272924	0.0
0.002267999836888227	2.2959980127554023E-5
0.0022904553206647303	-8.215951015862182E-5
0.002312910804876287	-5.727525818656739E-5
0.0023353662898085974	2.958443132696717E-4
0.0023578217751403616	-3.2874182547010456E-4
0.002380277260487914	4.926048420870561E-4
0.002402732745835466	1.0888060553735821E-4
0.0024251882311830185	-4.3656957367682137E-4
0.0024476437165305708	4.2075703346564064E-4
0.002470099201878123	9.267835632831954E-6
0.0024925546872256754	-3.851637544284585E-4
0.0025150101725732277	3.6394196513754687E-4
0.00253746565792078	1.608078565713368E-4
0.0025599211432683323	-3.796012141176797E-4
0.0025823766286158845	5.233735074535679E-4
0.002604832113963437	-7.868223635497014E-5
0.002627287599310989	-3.613231485330398E-4
0.0026497430846585414	-1.7411124371866497E-5
0.0026721985700060937	2.2862705110388788E-4
0.002694654055353646	6.124929391798685E-5
0.0027171095407011983	-1.8533302982973933E-4
0.0027395650260487506	-2.7375114273441974E-6
0.002762020511396303	-3.0512107539046375E-5
0.0027844759967438552	4.2808365101649885E-4
0.0028069314820914075	1.306932947006743E-4
0.00282938696743896	-5.665425598111644E-4
0.002851842452786512	3.829022340112679E-4
0.0028742979381340644	-4.400808419175609E-4
0.0028967534234816167	7.853691486604791E-4
0.002919208908829169	-8.548532370008536E-5
0.0029416643941767213	-4.7553762656749824E-4
0.0029641198795242736	1.4012826421729393E-4
0.002986575364871826	7.105127808843237E-4
0.003009030850219378	-5.180392787877865E-4
0.0030314863355669305	-1.9071653862245134E-4
0.0030539418209144828	5.248709681516859E-4
0.003076397306262035	-1.8193684159091142E-5
0.0030988527916095874	-2.363440937277096E-4
0.0031213082769571397	1.641533355004849E-4
0.003143763762304692	9.312128940180836E-5
0.0031662192476522443	-3.3321841309332336E-4
0.0031886747329997966	2.0319044017711005E-4
0.003211130218347349	2.2528669743207146E-4
0.003233585703694901	2.3934233853118383E-4
0.0032560411890424534	-5.714551903883672E-5
0.0032784966743900057	-4.178389269144086E-4
0.003300952159737558	-7.619383416494891E-5
0.0033234076450851103	6.241667127169786E-4
0.0033458631304326626	-2.6345355367644044E-4
0.003368318615780215	-6.77001084803447E-4
0.0033907741011277672	5.695081983968358E-4
0.0034132295864753195	8.572445334829059E-7
0.003435685071822872	-5.86937973381297E-4
0.003458140557170424	6.908663874583867E-4
0.0034805960425179764	-4.4407209500831485E-4
0.0035030515278655287	9.394492402618605E-5
0.003525507013213081	-1.7233743251279134E-4
0.0035479624985606333	7.17779945342871E-5
0.0035704179839081856	-1.7507578898698971E-4
0.003592873469255738	-1.2954796994831496E-4
0.00361532895460329	-1.6677498062398925E-4
0.0036377844399508425	6.089525247433197E-4
0.003660239925298395	-4.5205712125728396E-4
0.003682695410645947	-4.064029364888726E-4
0.0037051508959934994	6.528647666226611E-4
0.0037276063813410517	-2.4306783124819015E-5
0.003750061866688604	-0.0012686603281653328
0.0037725173520361563	0.0014724139662317226
0.0037949728373837086	1.2908832426484842E-4
0.003817428322731261	-0.0016618223112290695
0.003839883808078813	7.361475718872619E-4
0.0038623392934263655	5.212812958880485E-4
0.0038847947787739178	-7.300533455068801E-4
0.0039072502641214705	1.4471781029851645E-4
0.003929705749469024	-4.3988150378751814E-4
0.003952161234816577	-0.0018920674203678008
0.00397461672016413	-0.0028879787245266668
0.003997072205511683	-0.00882256203952885
0.004019527690859236	-0.018078184640050454
0.0040419831762067895	-0.03717095845523903
0.004064438661554343	-0.0753069498841909
0.004086894146901896	-0.13834817560167448
0.004109349632249449	-0.24499793907931391
0.004131805117597002	-0.41576030008139553
0.004154260602944555	-0.6690590341907348
0.0041767160882921085	-1.031260402207779
0.004199171573639662	-1.5262238512889839
0.004221627058987215	-2.183203346547881
0.004244082544334768	-3.0413369776472767
0.004266538029682321	-4.15117812769865
0.004288993515029874	-5.581313277663025
0.0043114490003774274	-7.395294204868691
0.004333904485724981	-9.63269306506842
0.004356359971072534	-12.319786482261055
0.004378815456420087	-15.473264311218106
0.00440127094176764	-19.16896169672077
0.004423726427115193	-23.597573953258046
0.004446181912462746	-29.008516242662655
0.0044686373978103	-35.56473867645998
0.004491092883157853	-43.20007905776245
0.004513548368505406	-51.66845886579669
0.004536003853852959	-60.89863754426996
0.004558459339200512	-71.38016682507306
0.004580914824548065	-84.04996068625623
0.004603370309895619	-99.44076923819226
0.004625825795243172	-116.75774609553025
0.004648281280590725	-134.20631640619055
0.004670736765938278	-150.96538555803755
0.004693192251285831	-168.9943304505355
0.004715647736633384	-191.91335728237277
0.0047381032219809376	-220.69173314092893
0.004760558707328491	-250.67249914980175
0.004783014192676044	-275.2996293953682
0.004805469678023597	-294.73500627098446
0.00482792516337115	-318.91285938170574
0.004850380648718703	-357.3136146714545
0.0048728361340662565	-404.27480269567593
0.00489529161941381	-440.47665326731266
0.004917747104761363	-456.11233942226704
0.004940202590108916	-469.462973759539
0.004962658075456469	-509.69363470580697
0.004985113560804022	-575.6393888537154
0.0050075690461515755	-625.882715750649
0.005030024531499129	-628.104745771546
0.005052480016846682	-611.3443022333437
0.005074935502194235	-639.3181476949372
0.005097390987541788	-721.262922320024
0.005119846472889341	-782.5970675984653
0.0051423019582368945	-759.2371314022035
0.005164757443584448	-698.7971375979415
0.005187212928932001	-709.6403861566712
0.005209668414279554	-804.5902560195701
0.005232123899627107	-865.9340671921699
0.00525457938497466	-808.799532887031
0.0052770348703222135	-715.0646610372818
0.005299490355669767	-721.8955774742415
0.00532194584101732	-814.7387288690368
0.005344401326364873	-844.6259873952852
0.005366856811712426	-755.9395863961191
0.005389312297059979	-670.2310179747171
0.0054117677824075325	-690.5977643530163
0.005434223267755086	-743.593242542729
0.005456678753102639	-713.3473293838254
0.005479134238450192	-632.9467919183822
0.005501589723797745	-610.1501825530177
0.005524045209145298	-633.8592797511589
0.0055465006944928515	-609.7278511794295
0.005568956179840405	-547.3367943503683
0.005591411665187958	-543.0061193759844
0.005613867150535511	-589.3738805702952
0.005636322635883064	-578.3535821736036
0.005658778121230617	-504.3341302589509
0.0056812336065781704	-484.24605423592726
0.005703689091925724	-545.103985859834
0.005726144577273277	-573.9623255982696
0.00574860006262083	-525.9719144630652
0.005771055547968383	-499.596768286428
0.005793511033315936	-545.5500609991739
0.005815966518663489	-581.9795715100412
0.005838422004011043	-566.1310942970448
0.005860877489358596	-571.0845233448066
0.005883332974706149	-623.884728619367
0.005905788460053702	-645.8658781761524
0.005928243945401255	-618.2009746608194
0.005950699430748808	-627.5877907775589
0.005973154916096362	-690.8293627594323
0.005995610401443915	-715.5744442890464
0.006018065886791468	-681.7210479669017
0.006040521372139021	-677.7233562469078
0.006062976857486574	-722.5594387253747
0.006085432342834127	-736.450259714846
0.0061078878281816806	-707.3990117729722
0.006130343313529234	-704.0610336631192
0.006152798798876787	-722.9721138330392
0.00617525428422434	-701.4733846216876
0.006197709769571893	-661.5101633280307
0.006220165254919446	-669.3015911025417
0.0062426207402669995	-695.3716009702107
0.006265076225614553	-674.3981115150493
0.006287531710962106	-636.8426289751682
0.006309987196309659	-635.8921142377999
0.006332442681657212	-634.3612557840221
0.006354898167004765	-592.2577883446825
0.0063773536523523185	-557.270732720673
0.006399809137699872	-563.315178770873
0.006422264623047425	-563.5193454799262
0.006444720108394978	-540.3499938209205
0.006467175593742531	-545.662674969081
0.006489631079090084	-584.0399037845674
0.0065120865644376375	-597.3885016397368
0.006534542049785191	-581.9283461543193
0.006556997535132744	-583.4215752466883
0.006579453020480297	-593.3880926047515
0.00660190850582785	-579.4967788855873
0.006624363991175403	-572.1637317460167
0.0066468194765229565	-605.3779371685812
0.00666927496187051	-641.9509404767484
0.006691730447218063	-650.0810105147702
0.006714185932565616	-662.4797081084444
0.006736641417913169	-693.1334883992516
0.006759096903260722	-702.6109509653346
0.0067815523886082755	-685.3718925505008
0.006804007873955829	-679.5022434715318
0.006826463359303382	-682.6369365004456
0.006848918844650935	-668.602244445208
0.006871374329998488	-661.0260702325734
0.006893829815346041	-687.0031544964627
0.0069162853006935945	-712.2882140875316
0.006938740786041148	-706.6020458458862
0.006961196271388701	-693.3924500127591
0.006983651756736254	-680.0497660932866
0.007006107242083807	-639.8604840165711
0.00702856272743136	-586.6513232902873
0.0070510182127789135	-561.9526496975257
0.007073473698126467	-561.2123351220647
0.00709592918347402	-564.5903158059434
0.007118384668821573	-587.4193289872208
0.007140840154169126	-628.8365498577202
0.007163295639516679	-648.3419831602337
0.0071857511248642324	-632.681117594988
0.007208206610211786	-604.8111003208638
0.007230662095559339	-570.184065124427
0.007253117580906892	-529.0875089112975
0.007275573066254445	-508.8094653590408
0.007298028551601998	-529.0097561304776
0.007320484036949551	-575.9734753536392
0.007342939522297105	-631.1677569421121
0.007365395007644658	-685.522928951804
0.007387850492992211	-725.7384673617607
0.007410305978339764	-734.4368293979126
0.007432761463687317	-707.9250919226959
0.00745521694903487	-666.2632799673196
0.007477672434382424	-631.6947425043294
0.007500127919729977	-606.7521413284265
0.00752258340507753	-599.7730088084954
0.007545038890425083	-631.536479171503
0.007567494375772636	-684.6416928529289
0.007589949861120189	-718.8787314686018
0.0076124053464677426	-737.051756441204
0.007634860831815296	-744.4704024090787
0.007657316317162849	-709.8592268345303
0.007679771802510402	-646.5147041416178
0.007702227287857955	-604.7989700025557
0.007724682773205508	-572.0877181519018
0.0077471382585530615	-532.8103578990806
0.007769593743900615	-533.2703248776525
0.007792049229248168	-569.115029198298
0.007814504714595721	-588.0739517319112
0.007836960199943272	-611.3847251174055
0.007859415685290824	-653.4928790351695
0.007881871170638375	-655.9568038295682
0.007904326655985927	-626.9838727164622
0.007926782141333478	-619.4295701820806
0.00794923762668103	-600.8856189876265
0.007971693112028581	-562.2695176323025
0.007994148597376132	-563.5415554159753
0.008016604082723684	-582.2456695133438
0.008039059568071235	-578.1406611722144
0.008061515053418787	-602.7762700009458
0.008083970538766338	-653.2784964225593
0.00810642602411389	-672.5925030532209
0.008128881509461441	-697.658351105879
0.008151336994808992	-743.5318958477567
0.008173792480156544	-743.8293028096823
0.008196247965504095	-719.0788033210091
0.008218703450851647	-710.3336892484302
0.008241158936199198	-668.0930915853278
0.00826361442154675	-610.4100843990017
0.008286069906894301	-599.9070369533571
0.008308525392241852	-591.5807029795038
0.008330980877589404	-575.8537087320467
0.008353436362936955	-611.6815902131783
0.008375891848284507	-649.1433773014368
0.008398347333632058	-647.0141115695251
0.00842080281897961	-666.1028817751866
0.008443258304327161	-678.3556220254308
0.008465713789674712	-635.6967548158718
0.008488169275022264	-609.0822672769872
0.008510624760369815	-599.4005998280677
0.008533080245717367	-553.120805969886
0.008555535731064918	-537.4124571956021
0.00857799121641247	-564.8829651220836
0.008600446701760021	-557.8515963130164
0.008622902187107572	-563.4298149733066
0.008645357672455124	-613.6098995139122
0.008667813157802675	-625.9849469525104
0.008690268643150227	-629.9294796756869
0.008712724128497778	-677.3377592630562
0.00873517961384533	-693.256621618213
0.008757635099192881	-688.7651549563644
0.008780090584540432	-720.1133760780875
0.008802546069887984	-713.499211000741
0.008825001555235535	-669.7180719615538
0.008847457040583087	-667.0873648454258
0.008869912525930638	-650.3000591936133
0.00889236801127819	-605.9426561596996
0.008914823496625741	-614.4659916574235
0.008937278981973292	-627.7888089714285
0.008959734467320844	-611.3436618968042
0.008982189952668395	-634.8982038598589
0.009004645438015947	-655.460934200858
0.009027100923363498	-633.2254872858729
0.00904955640871105	-644.5049074386721
0.009072011894058601	-657.6744207418644
0.009094467379406153	-622.75628914698
0.009116922864753704	-615.7907286811883
0.009139378350101255	-620.1971662769015
0.009161833835448807	-583.7391119646443
0.009184289320796358	-578.5226590138216
0.00920674480614391	-592.2630503313773
0.009229200291491461	-566.5012491237561
0.009251655776839013	-571.9762669391654
0.009274111262186564	-602.943691872907
0.009296566747534115	-593.9578485084544
0.009319022232881667	-611.9913245013529
0.009341477718229218	-657.1240410643553
0.00936393320357677	-656.6742137609754
0.009386388688924321	-670.5133789055221
0.009408844174271873	-702.7005680457388
0.009431299659619424	-680.0697356267716
0.009453755144966975	-669.1016865369106
0.009476210630314527	-689.5913680403771
0.009498666115662078	-666.5843801760527
0.00952112160100963	-656.1872504080717
0.009543577086357181	-676.519949524038
0.009566032571704733	-648.8411205759646
0.009588488057052284	-628.542070725958
0.009610943542399835	-641.5865577116974
0.009633399027747387	-610.1754997435789
0.009655854513094938	-589.2778813085199
0.00967830999844249	-611.2322114716253
0.009700765483790041	-596.3067760627882
0.009723220969137593	-590.634844442239
0.009745676454485144	-623.2733877016994
0.009768131939832695	-613.1708155034986
0.009790587425180247	-606.6781534262915
0.009813042910527798	-635.7961350007713
0.00983549839587535	-619.3926545754261
0.009857953881222901	-603.9286718534669
0.009880409366570453	-625.720668248074
0.009902864851918004	-607.8862715235969
0.009925320337265555	-598.3244390136778
0.009947775822613107	-629.9796003018354
0.009970231307960658	-620.6475576453494
0.00999268679330821	-617.4759284450143
0.010015142278655761	-654.0768949696746
0.010037597764003313	-648.1176834950235
0.010060053249350864	-647.9888185755436
0.010082508734698415	-685.7016846936613
0.010104964220045967	-676.9260336350496
0.010127419705393518	-671.9133382160678
0.01014987519074107	-700.7027427927228
0.010172330676088621	-675.739459472616
0.010194786161436173	-651.3773221968999
0.010217241646783724	-663.1646479889278
0.010239697132131275	-628.5015057638301
0.010262152617478827	-605.745053510371
0.010284608102826378	-625.5355583739865
0.01030706358817393	-598.7560602728437
0.010329519073521481	-583.5370595280535
0.010351974558869036	-609.2354832280215
0.010374430044216591	-586.9025948248428
0.010396885529564146	-577.5988720030357
0.010419341014911702	-609.0141583299873
0.01044179650025926	-592.9116893107265
0.010464251985606823	-593.2830483211582
0.01048670747095439	-633.5702048961388
0.010509162956301964	-623.3192314204409
0.010531618441649546	-627.1991037948205
0.010554073926997143	-665.1302300732747
0.010576529412344758	-649.3695667296844
0.010598984897692398	-648.0293434983458
0.010621440383040075	-676.1018517321846
0.0106438958683878	-648.8175136916301
0.010666351353735589	-640.4095132917085
0.010688806839083465	-663.5258669903241
0.010711262324431455	-636.4522159302464
0.010733717809779598	-633.6633615879325
0.01075617329512794	-658.5151508886253
0.01077862878047654	-632.3691051074377
0.010801084265825472	-634.0981533015076
0.010823539751174834	-660.8449884352696
0.010845995236524743	-637.146456229545
0.010868450721875348	-641.9061029500316
0.010890906207226828	-662.5846977248929
0.010913361692579412	-629.4976480574593
0.010935817177933377	-626.1154962949892
0.010958272663289059	-634.3548362733515
0.010980728148646866	-593.9132892324984
0.0110031836340073	-592.9054523429995
0.011025639119370953	-605.5918959592143
0.011048094604738544	-577.1962466631937
0.01107055009011093	-592.7610499489643
0.011093005575489128	-613.3629510176128
0.011115461060874344	-591.1272140176404
0.011137916546268	-612.9238844759572
0.011160372031671771	-633.1255019553882
0.011182827517087613	-614.307809119992
0.011205283002517812	-642.1382088280438
0.011227738487965024	-661.180613594504
0.011250193973432321	-643.850487505442
0.011272649458923256	-673.7078170748692
0.011295104944441909	-686.205518440384
0.011317560429992957	-663.8956439455293
0.01134001591558174	-686.8088234336735
0.011362471401214335	-683.7700796008086
0.011384926886897634	-651.0066302602862
0.011407382372639427	-665.2786757614742
0.011429837858448493	-649.3087297347604
0.011452293344334681	-612.0445984482453
0.011474748830309007	-624.8692763134455
0.011497204316383755	-606.2364386627768
0.01151965980257258	-577.9511607575082
0.011542115288890615	-602.25995712788
0.011564570775354575	-591.6099937021119
0.011587026261982844	-578.4299145703509
0.011609481748795565	-614.3469120286084
0.011631937235814759	-608.9136482480369
0.011654392723064433	-605.3590230420336
0.01167684821057069	-642.7400205564671
0.01169930369836179	-630.2006439123869
0.011721759186468178	-624.0590775529361
0.011744214674922525	-654.2776204353819
0.01176667016375981	-635.0937060330292
0.011789125653017447	-633.4505177731403
0.01181158114273533	-663.8117070849376
0.011834036632955744	-642.4553743570017
0.011856492123723176	-643.4276979539593
0.011878947615084248	-667.0008516884067
0.011901403107087857	-637.9691387026227
0.011923858599785345	-638.7671733356028
0.011946314093230373	-656.3378460829268
0.011968769587478358	-625.9952752190736
0.011991225082585898	-634.5124988778907
0.012013680578610762	-652.6462100988366
0.012036136075612448	-625.3371112306876
0.012058591573652478	-639.4717216353918
0.012081047072793527	-651.6079648536762
0.012103502573097745	-622.0271909716499
0.012125958074625895	-637.8296952283628
0.012148413577438438	-642.3616133064371
0.012170869081597292	-610.5219135781729
0.012193324587165532	-625.1535910787323
0.012215780094204046	-619.5956118985349
0.012238235602768235	-587.7414314782064
0.01226069111290894	-606.8345530874075
0.01228314662467728	-601.0530989422984
0.01230560213812731	-580.8078667275178
0.01232805765331133	-612.5349989679056
0.01235051317027152	-613.1267743183067
0.012372968689038161	-608.4306041330177
0.012395424209638777	-649.3968205370891
0.012417879732108134	-647.4614419879233
0.012440335256484619	-644.6859841689707
0.012462790782793637	-678.8941029287985
0.012485246311037767	-664.368077623173
0.012507701841209544	-659.4772117628722
0.012530157373314772	-685.5287867346967
0.012552612907375716	-660.9418539199542
0.012575068443404286	-656.7123645209718
0.012597523981376098	-675.7450224231785
0.012619979521242943	-642.8664618859038
0.01264243506297529	-637.1000537245277
0.01266489060658142	-643.4917808081317
0.012687346152071377	-601.303434790902
0.0127098016994062	-599.1908737292764
0.012732257248502283	-606.0358045598621
0.012754712799295813	-573.9041288623541
0.012777168351787544	-589.5931223431317
0.012799623906002254	-602.7754882762571
0.012822079461907429	-581.8056115467007
0.01284453501940022	-611.0052613170888
0.012866990578390858	-625.5367661329309
0.012889446138878564	-611.4980676812842
0.012911901700914134	-645.4074554419976
0.012934357264490645	-651.8699036183417
0.012956812829507905	-637.7174307357735
0.012979268395865719	-668.7421978707264
0.013001723963566397	-662.3366351054793
0.01302417953268754	-645.1646712362588
0.013046635103258626	-669.5932098380985
0.01306909067520718	-652.2950116260661
0.013091546248447251	-638.8264142795548
0.01311400182298969	-662.3833978304791
0.013136457398927099	-639.6974364256561
0.013158912976319943	-631.0056389091504
0.013181368555139588	-650.0212156673564
0.013203824135335551	-621.5327935745456
0.013226279716924532	-618.6798591788636
0.013248735299984698	-634.2213392541271
0.01327119088457959	-604.5701502766549
0.013293646470719908	-611.6101632728864
0.013316102058397254	-627.9967100842333
0.013338557647625452	-604.494914554808
0.013361013238440252	-623.3812770995996
0.013383468830881262	-635.9300733658747
0.013405924424987139	-611.0023855046874
0.013428380020790517	-630.3389265741957
0.013450835618301458	-631.8941192582967
0.013473291217509661	-607.029765946164
0.013495746818421602	-630.3609187333254
0.013518202421084285	-627.6035134604078
0.013540658025548378	-610.9231988525837
0.013563113631811792	-641.5733645780314
0.013585569239825353	-637.068368429257
0.01360802484955768	-628.6919050792427
0.013630480461028374	-660.0203531557369
0.013652936074264285	-647.5947472645881
0.013675391689244532	-642.2990380066691
0.01369784730590912	-668.6166145144518
0.013720302924209634	-647.6153841082063
0.013742758544131066	-644.7332428914368
0.013765214165670876	-662.9215526181193
0.013787669788817772	-634.4151991556415
0.013810125413550685	-635.806854686381
0.01383258103984165	-648.0717287664473
0.013855036667659346	-617.6701637351647
0.013877492296985454	-624.8179290392776
0.013899947927827944	-629.8896975205516
0.013922403560200877	-599.4018578933358
0.01394485919408797	-612.9601392616969
0.013967314829443654	-613.5248900346932
0.013989770466236019	-589.0419637584051
0.014012226104471328	-611.3490596117896
0.01403468174416727	-610.545570157503
0.014057137385319624	-597.4787449886717
0.014079593027910247	-630.026288698759
0.014102048671936608	-629.0612132173097
0.01412450431741956	-625.658480069703
0.014146959964391697	-659.0943126191937
0.01416941561289214	-649.4089958532066
0.014191871262964093	-647.9177834741968
0.014214326914641468	-673.5707507035536
0.01423678256794165	-652.3674456532194
0.014259238222882331	-651.5178822359943
0.014281693879496665	-668.2810365044699
0.014304149537815737	-640.8044285348622
0.014326605197840743	-645.3777985611505
0.01434906085954768	-655.6423365473277
0.01437151652291627	-625.49452273514
0.01439397218794105	-634.0245798990247
0.014416427854619846	-635.4630022997726
0.014438883522949161	-605.349606042709
0.014461339192930623	-619.1010644088956
0.014483794864568581	-614.6780622356629
0.014506250537863738	-590.6005805654943
0.014528706212822469	-612.1011099320409
0.014551161889467666	-606.860481546083
0.014573617567822501	-595.8191924191365
0.014596073247882459	-626.0740989232316
0.014618528929615593	-619.4860613472786
0.014640984612986827	-617.2073474878248
0.014663440297966844	-645.9383811064926
0.014685895984519803	-631.9079085194593
0.014708351672599507	-634.6226440734088
0.01473080736216031	-658.1415661930766
0.014753263053163183	-639.0693381094362
0.014775718745578075	-648.54447535116
0.014798174439397105	-666.6549371513003
0.014820630134643964	-645.3417007170492
0.014843085831357471	-659.4277783388469
0.014865541529568609	-666.6218884181183
0.014887997229303679	-640.0475313027866
0.01491045293060024	-653.2023932278947
0.014932908633501064	-647.4571036953445
0.014955364338032656	-620.0879880559526
0.014977820044199383	-634.7946755671986
0.015000275751991804	-620.9139533157489
0.015022731461389369	-599.5457255874522
0.015045187172363621	-618.3739370347806
0.015067642884893642	-601.8761859127673
0.015090098598975752	-592.3576558659312
0.015112554314612886	-615.8359140570506
0.015135010031806978	-599.3381340733192
0.015157465750573008	-602.6195394549574
0.015179921470950423	-627.9398005942033
0.015202377192989726	-612.3708749837408
0.015224832916734134	-626.4227939748528
0.015247288642216637	-648.0718111949002
0.015269744369458577	-631.6986258616089
0.01529220009846001	-652.4307922686698
0.015314655829199643	-666.7757805746609
0.015337111561647876	-650.4132612567089
0.015359567295769622	-673.5053071426163
0.015382023031514983	-674.5975332376617
0.015404478768824193	-653.7447355355341
0.015426934507648498	-670.3836216804059
0.015449390247959308	-653.7780731857094
0.01547184598974159	-629.9285753809797
0.015494301732992918	-641.6863953220903
0.015516757477727447	-616.4021205037061
0.01553921322396785	-601.8996078373086
0.015561668971734083	-617.4142043638153
0.015584124721046692	-593.7816826048702
0.01560658047193125	-593.7113062203795
0.015629036224405993	-610.822888867948
0.015651491978469736	-589.1782620764628
0.015673947734109683	-601.8429236033822
0.01569640349131371	-618.6465702324699
0.015718859250070102	-602.6792263498335
0.015741315010367414	-627.6810085994344
0.015763770772202614	-641.8506254111094
0.01578622653558176	-631.2725090110595
0.01580868230051114	-662.0657678034504
0.01583113806699891	-666.5868693455146
0.015853593835065967	-655.6355494869421
0.01587604960474289	-680.8211939830547
0.015898505376054844	-668.0549396279581
0.01592096114901767	-653.6472124359502
0.015943416923644153	-669.7022117216432
0.015965872699942926	-643.8561815360313
0.015988328477914943	-632.4686249333046
0.016010784257559516	-643.0447338795205
0.01603324003887824	-612.7535359870177
0.016055695821866754	-611.1449048736187
0.016078151606510892	-619.7387107695811
0.01610060739279642	-592.174930606698
0.016123063180713725	-602.8314748959588
0.01614551897024934	-609.8045501128665
0.016167974761382216	-589.4520502013477
0.016190430554090137	-612.2799739277283
0.016212886348351427	-617.3569021608104
0.016235342144142136	-605.9615393906067
0.016257797941441894	-636.0958973624302
0.01628025374024146	-635.7652551791809
0.016302709540538123	-631.804975802802
0.016325165342107425	-662.611774611615
0.016347621143571852	-653.2008659725313
0.016370076942424754	-652.3007763588014
0.016392532737634368	-674.4810465735251
0.01641498852935324	-652.4307758823268
0.016437444317615072	-652.2574070535459
0.016459900102391168	-663.3187748392382
0.01648235588371987	-633.8197220388292
0.016504811661826012	-638.2153341453685
0.016527267437112785	-641.2552270229552
0.01654972321005308	-612.7261218381885
0.01657217898109452	-625.5636292804445
0.01659463475061299	-623.4395927028614
0.016617090518913247	-600.9251256421333
0.016639546286221905	-620.4064017023277
0.016662002052644967	-612.5360081747322
0.016684457818083587	-598.5422423101571
0.016706913581362264	-622.9166894336278
0.016729369340403286	-611.8608262479783
0.0167518250955712	-609.850053733801
0.01677428084737622	-637.0775646977712
0.0167967365963098	-624.2362780895364
0.01681919234283111	-632.8466306337605
0.016841648087417286	-655.8348500986805
0.01686410383058459	-637.5400825213522
0.016886559572825918	-649.6564784158257
0.01690901531446267	-660.5732247124382
0.016931471053657148	-637.1218273766922
0.016953926789679594	-652.1941418659575
0.016976382521820526	-652.819425653784
0.016998838250053966	-630.9923574463614
0.01702129397451454	-649.7662885063868
0.017043749695523396	-641.2538081168145
0.017066205413556038	-623.8247765440752
0.01708866112913727	-642.8252148609763
0.01711111684270958	-625.1229794964661
0.017133572554555557	-613.7655988385741
0.01715602826483242	-631.1488008962382
0.017178483973684745	-609.1377129846567
0.017200939681323406	-609.2342735163613
0.01722339538798883	-626.6491012758323
0.017245851093827935	-606.0134841651314
0.0172683067976911	-618.136377285483
0.017290762497349347	-631.9354606302585
0.017313218193132127	-613.1731669427422
0.01733567388543527	-633.1599469219744
0.01735812957470979	-639.330326208233
0.017380585261465464	-623.4011909711454
0.01740304094625326	-647.4334358013016
0.01742549662961086	-644.6203949779161
0.017447952311996102	-633.435678505672
0.01747040799374719	-657.6654761643977
0.017492863673609277	-645.2968872785893
0.017515319349941903	-639.0670865862279
0.017537775022514863	-658.9500766003433
0.01756023069128801	-638.2931700438511
0.0175826863563661	-637.9733358982973
0.0176051420180537	-650.8924524062696
0.017627597676788904	-624.7358633836129
0.017650053333010278	-630.0376329159363
0.017672508987063136	-634.4400845007548
0.01769496463920627	-608.0904751017661
0.017717420289686026	-621.1864104276755
0.017739875938787515	-620.1451710367279
0.01776233158680253	-600.8801548314777
0.01778478723393724	-622.4420102996586
0.017807242880125116	-617.3863595795057
0.01782969852422211	-607.8121324562279
0.017852154164154786	-633.2052940251306
0.01787460980013541	-622.4503138352144
0.01789706543270911	-621.3610929370398
0.01791952106242224	-645.0587810156541
0.01794197668974849	-629.6151466535704
0.017964432315110447	-637.537962179143
0.017986887938944478	-656.4698833792077
0.01800934356171889	-638.0056397383247
0.018031799183866076	-651.6597430349751
0.01805425480431401	-659.7257190953047
0.018076710421246388	-637.1738492174674
0.0180991660341589	-651.1196393838967
0.01812162164320362	-644.9511597738383
0.018144077248710613	-621.3815718673433
0.018166532851042607	-635.5579768569808
0.018188988450483716	-620.2262888104128
0.018211444047254218	-604.3772529367894
0.018233899641615946	-621.4443147798514
0.01825635523394291	-602.3304352220812
0.018278810824670394	-597.510502172153
0.0183012664141616	-614.2802168483486
0.018323722002612022	-593.1489080068926
0.018346177590068548	-599.2546415285166
0.01836863317652283	-612.9635018890052
0.018391088761115212	-593.2225803367267
0.018413544341629662	-609.5694403924683
0.018435999918248465	-618.0070115706826
0.018458455491413856	-601.6008164843684
0.018480911061625353	-623.1574344067714
0.018503366629391782	-620.8699484130979
0.018525822195206845	-604.9421683950966
0.018548277759541067	-622.9194418486483
0.01857073332283044	-605.9469271590747
0.018593188885448222	-590.5551871699398
0.01861564444628337	-601.7693877701745
0.01863810000355981	-573.7637288846731
0.018660555556966874	-563.0086346116242
0.018683011106636074	-567.5908413357143
0.018705466652753883	-534.5144965439401
0.01872792219553883	-531.0899842220723
0.018750377735258342	-528.6901830880864
0.018772833272250364	-495.54291731187135
0.01879528880691	-499.6396433210942
0.018817744339638565	-490.4336891570753
0.01884019987078903	-462.22042010100324
0.01886265540064127	-472.4843879440191
0.018885110929406146	-456.14835933549944
0.01890756645722935	-434.23563477597463
0.01893002198417351	-445.0093005138103
0.018952477509244024	-419.7547968420179
0.018974933030271125	-403.2982825180577
0.01899738854745302	-408.69688470765817
0.019019844061200594	-374.2997849909781
0.019042299572001962	-361.4994425470411
0.019064755080368753	-356.2746075557359
0.019087210586790457	-314.1519703640915
0.019109666091715553	-303.5295373609067
0.019132121595548997	-285.70138772553537
0.01915457709863941	-240.48354413026325
0.01917703259981678	-232.31932360727723
0.01919948809746581	-203.85776707789313
0.019221943591288433	-161.82994561544328
0.019244399081376266	-155.53987577861972
0.019266854567890776	-117.54047407261038
0.019289310051070707	-80.13315830293048
0.019311765531226505	-70.09664189136261
0.019334221008715707	-21.80388857222994
0.019356676483909804	11.311364415498812
0.019379131957166274	29.04498932064384
0.019401587428809725	85.10352591325888
0.019424042899117148	114.694147675086
0.019446498368302933	144.93806819645778
0.019468953836505303	208.8293487028926
0.019491409303777647	239.96973939874323
0.01951386476927457	287.527211422445
0.019536320230917063	358.9894252100292
0.019558775688739462	398.8884571378262
0.0195812311431271	470.563172180042
0.019603686594512226	551.5505992067186
0.019626142043364023	601.6639432041025
0.019648597490179526	688.1492258193288
0.019671052935454358	770.8679370475822
0.01969350837963275	840.3248101336777
0.01971596382305918	953.0210651384451
0.019738419264725617	1043.243728526821
0.01976087470283314	1126.8603257567788
0.019783330137133345	1252.7142931550843
0.019805785567715214	1355.1688589442394
0.01982824099473576	1466.527294603084
0.0198506964184171	1600.1664726364088
0.019873151839049724	1694.335019363667
0.01989560725698517	1825.5531109604553
0.019918062672607116	1957.307956443512
0.019940518086288963	2063.112040314066
0.019962973498358474	2195.3080116257333
0.01998542890908276	2311.3887858601634
0.02000788431866721	2417.042639345802
