2.245540562859589E-5	0.0
4.4910811261676233E-5	0.0
6.736621704637656E-5	0.0
8.982162340103679E-5	0.0
1.1227703029570008E-4	0.0
1.3473243769428661E-4	0.0
1.5718784651659156E-4	0.0
1.79643256655058E-4	0.0
2.0209866711603917E-4	0.0
2.245540781760845E-4	0.0
2.470094899525518E-4	0.0
2.694649023590669E-4	0.0
2.919203160852547E-4	0.0
3.1437573094936526E-4	0.0
3.368311465369168E-4	0.0
3.5928656296111127E-4	0.0
3.8174198001559006E-4	0.0
4.0419739807632344E-4	0.0
4.2665281735090145E-4	0.0
4.4910823734845375E-4	0.0
4.715636580918973E-4	0.0
4.940190797863168E-4	0.0
5.164745018960368E-4	0.0
5.389299246489387E-4	0.0
5.613853478901098E-4	0.0
5.838407714778052E-4	0.0
6.062961957708619E-4	0.0
6.28751620581433E-4	0.0
6.512070461616812E-4	0.0
6.73662472746454E-4	0.0
6.96117899868959E-4	0.0
7.185733276957009E-4	0.0
7.410287562414411E-4	0.0
7.634841853471841E-4	0.0
7.859396156142897E-4	0.0
8.083950470982102E-4	0.0
8.308504796647049E-4	0.0
8.533059134525088E-4	0.0
8.757613480668229E-4	0.0
8.982167835885275E-4	0.0
9.206722202622327E-4	0.0
9.431276578566554E-4	0.0
9.655830965169408E-4	0.0
9.880385361148982E-4	0.0
0.00101049397634255	0.0
0.0010329494173947718	0.0
0.0010554048589989787	0.0
0.0010778603010950568	0.0
0.0011003157439405575	0.0
0.0011227711871274015	0.0
0.001145226630786732	0.0
0.0011676820751223725	0.0
0.0011901375197768671	0.0
0.001212592965024264	0.0
0.00123504841088792	0.0
0.0012575038571864814	0.0
0.0012799593043860945	0.0
0.001302414752466176	0.0
0.0013248702014962278	0.0
0.0013473256518438924	0.0
0.001369781103185318	0.0
0.001392236555568568	0.0
0.001414692009121367	0.0
0.0014371474635475078	0.0
0.0014596029191443094	0.0
0.0014820583759093768	0.0
0.0015045138335947437	0.0
0.0015269692923576877	0.0
0.0015494247518899839	0.0
0.001571880212122521	0.0
0.0015943356730441453	0.0
0.0016167911345589877	0.0
0.0016392465966149376	0.0
0.0016617020592830196	0.0
0.0016841575222108114	0.0
0.0017066129856775536	0.0
0.001729068449690323	0.0
0.0017515239140346503	0.0
0.0017739793790652828	0.0
0.0017964348446549794	0.0
0.0018188903108164159	0.0
0.001841345777958007	0.0
0.001863801245921469	0.0
0.0018862567148641202	0.0
0.0019087121849692018	0.0
0.0019311676559964457	0.0
0.0019536231281943725	0.0
0.001976078601565427	0.0
0.0019985340759753776	0.0
0.002020989551703982	0.0
0.0020434450284264128	0.0
0.0020659005060932796	0.0
0.002088355984671906	0.0
0.0021108114639904856	0.0
0.0021332669440512226	0.0
0.002155722424861993	0.0
0.0021781779061941053	0.0
0.0022006333881982895	0.0
0.002223088870727792	0.0
0.0022455443535272924	0.0
0.002267999836888227	1.1028326075235795E-11
0.0022904553206647303	-2.7413723041995814E-11
0.002312910804876287	-5.446314251541061E-11
0.0023353662898085974	1.2504184372625426E-10
0.0023578217751403616	-1.0811274118383044E-10
0.002380277260487914	-5.771113645221673E-11
0.002402732745835466	1.6791438083101887E-10
0.0024251882311830185	-6.35134199422765E-11
0.0024476437165305708	-1.2400835497994628E-11
0.002470099201878123	2.58424698574303E-10
0.0024925546872256754	-1.2499409604068688E-10
0.0025150101725732277	-6.994016733926388E-11
0.00253746565792078	1.0152359567877984E-10
0.0025599211432683323	-1.2624978701389523E-10
0.0025823766286158845	3.940413634626132E-11
0.002604832113963437	1.8824190965527369E-10
0.002627287599310989	-2.5808067056967586E-10
0.0026497430846585414	-1.5133410302246783E-10
0.0026721985700060937	1.750400283810507E-11
0.002694654055353646	2.3697364264793717E-10
0.0027171095407011983	-3.3154792948148795E-11
0.0027395650260487506	-1.0644238590295293E-10
0.002762020511396303	-9.269000889403822E-11
0.0027844759967438552	-8.358479989488433E-12
0.0028069314820914075	2.2488550056843203E-10
0.00282938696743896	-2.0838821093333252E-10
0.002851842452786512	7.966803658929723E-11
0.0028742979381340644	-1.610944555368475E-10
0.0028967534234816167	2.427517954467186E-10
0.002919208908829169	3.1191075970580214E-10
0.0029416643941767213	-1.215544735568835E-10
0.0029641198795242736	-3.871861542392474E-10
0.002986575364871826	1.656802149570545E-10
0.003009030850219378	4.506596481369276E-11
0.0030314863355669305	-2.191244800323736E-10
0.0030539418209144828	4.06966930315505E-11
0.003076397306262035	1.1863619979936891E-10
0.0030988527916095874	-2.924947485519197E-11
0.0031213082769571397	-9.678817873646186E-13
0.003143763762304692	1.7724828250603825E-10
0.0031662192476522443	-4.462066692318514E-11
0.0031886747329997966	-9.70729082240444E-11
0.003211130218347349	1.011492505925685E-10
0.003233585703694901	1.4724559779385828E-10
0.0032560411890424534	2.55045543358558E-10
0.0032784966743900057	-2.3340752174817926E-10
0.003300952159737558	-3.949787426625557E-10
0.0033234076450851103	2.6801830226595944E-10
0.0033458631304326626	2.350642826447993E-10
0.003368318615780215	-2.9991723047114326E-10
0.0033907741011277672	3.02756953601327E-11
0.0034132295864753195	2.2375957496823534E-10
0.003435685071822872	-3.616351117753991E-10
0.003458140557170424	7.45481937333897E-11
0.0034805960425179764	1.4008443187638757E-10
0.0035030515278655287	1.7173884601550967E-11
0.003525507013213081	-2.0018912615650643E-11
0.0035479624985606333	4.766692198556648E-11
0.0035704179839081856	1.1860174334768985E-11
0.003592873469255738	-2.0648094534459837E-11
0.00361532895460329	-2.179589136145278E-10
0.0036377844399508425	1.49780944606185E-10
0.003660239925298395	5.946048997849181E-11
0.003682695410645947	-2.7617462084800343E-10
0.0037051508959934994	1.1124513363301E-10
0.0037276063813410517	4.896080175366823E-10
0.003750061866688604	-6.605369021832726E-10
0.0037725173520361563	9.486273629029278E-11
0.0037949728373837086	6.874464805412682E-10
0.003817428322731261	-4.2863121705245465E-10
0.003839883808078813	-3.6512431992463365E-10
0.0038623392934263655	3.6268537388096266E-10
0.0038847947787739178	-2.2080079792009767E-10
0.0039072502641214705	-3.973082659407828E-10
0.003929705749469024	-5.123040252160195E-10
0.003952161234816577	-2.0492573424400535E-9
0.00397461672016413	-4.5266171411873585E-9
0.003997072205511683	-1.088132785747522E-8
0.004019527690859236	-2.4855560240034175E-8
0.0040419831762067895	-5.3210860887161935E-8
0.004064438661554343	-1.1148350420596638E-7
0.004086894146901896	-2.2011301672646306E-7
0.004109349632249449	-4.1397789794718025E-7
0.004131805117597002	-7.465051324835603E-7
0.004154260602944555	-1.287404366491183E-6
0.0041767160882921085	-2.128983404202763E-6
0.004199171573639662	-3.3856353091830907E-6
0.004221627058987215	-5.1962199543076335E-6
0.004244082544334768	-7.732878833846623E-6
0.004266538029682321	-1.1210380046263573E-5
0.004288993515029874	-1.5901425472131775E-5
0.0043114490003774274	-2.2138726549414924E-5
0.004333904485724981	-3.0296500981491778E-5
0.004356359971072534	-4.0775179025122975E-5
0.004378815456420087	-5.399101512943326E-5
0.00440127094176764	-7.041018242358637E-5
0.004423726427115193	-9.064432008189817E-5
0.004446181912462746	-1.1552346192909706E-4
0.0044686373978103	-1.460530990366277E-4
0.004491092883157853	-1.8323623495082437E-4
0.004513548368505406	-2.2788238323111847E-4
0.004536003853852959	-2.806716113824891E-4
0.004558459339200512	-3.4258562364797263E-4
0.004580914824548065	-4.1537902603267066E-4
0.004603370309895619	-5.014401431865872E-4
0.004625825795243172	-6.027703704691463E-4
0.004648281280590725	-7.199065213545606E-4
0.004670736765938278	-8.522888752051819E-4
0.004693192251285831	-0.0010004535170829855
0.004715647736633384	-0.0011680018722906704
0.0047381032219809376	-0.0013602828568863971
0.004760558707328491	-0.0015797270361144799
0.004783014192676044	-0.0018228578239369733
0.004805469678023597	-0.002084367375627205
0.00482792516337115	-0.0023658913631782867
0.004850380648718703	-0.0026786178793979996
0.0048728361340662565	-0.003032623196358656
0.00489529161941381	-0.0034228311852040946
0.004917747104761363	-0.0038315860978110705
0.004940202590108916	-0.004251156378831147
0.004962658075456469	-0.00469975090977013
0.004985113560804022	-0.005203453459979044
0.0050075690461515755	-0.00575883505531957
0.005030024531499129	-0.006327399089753254
0.005052480016846682	-0.006881701651973163
0.005074935502194235	-0.007448154989688468
0.005097390987541788	-0.00807857768839259
0.005119846472889341	-0.008774339266849793
0.0051423019582368945	-0.009469073391613656
0.005164757443584448	-0.010111751098414792
0.005187212928932001	-0.010743192623515124
0.005209668414279554	-0.011445144728326813
0.005232123899627107	-0.012218010725816828
0.00525457938497466	-0.012966411996873248
0.0052770348703222135	-0.01362990456965628
0.005299490355669767	-0.014271887236281668
0.00532194584101732	-0.014984714522324343
0.005344401326364873	-0.015746948460473576
0.005366856811712426	-0.016453188122878704
0.005389312297059979	-0.01707226492035929
0.0054117677824075325	-0.017684792698605692
0.005434223267755086	-0.01834580650674022
0.005456678753102639	-0.019001577883452008
0.005479134238450192	-0.019589858552907877
0.005501589723797745	-0.020140535912860014
0.005524045209145298	-0.02070706980165611
0.0055465006944928515	-0.021266532636962807
0.005568956179840405	-0.021773527506352603
0.005591411665187958	-0.022259306197245816
0.005613867150535511	-0.022780514493979807
0.005636322635883064	-0.023309942205349862
0.005658778121230617	-0.02378202412479241
0.0056812336065781704	-0.024217447111630232
0.005703689091925724	-0.024693319487231895
0.005726144577273277	-0.025209380621512397
0.00574860006262083	-0.025696894823792265
0.005771055547968383	-0.026149073565124553
0.005793511033315936	-0.026628136398821424
0.005815966518663489	-0.027148005700811943
0.005838422004011043	-0.027663655594669503
0.005860877489358596	-0.028174151145546278
0.005883332974706149	-0.028723942201991357
0.005905788460053702	-0.029305280596735032
0.005928243945401255	-0.029869750960443156
0.005950699430748808	-0.0304293826745534
0.005973154916096362	-0.031037352295833872
0.005995610401443915	-0.03168151627802703
0.006018065886791468	-0.03230508208925739
0.006040521372139021	-0.03291335947818334
0.006062976857486574	-0.033554138446117696
0.006085432342834127	-0.034218692933063524
0.0061078878281816806	-0.034863709442303666
0.006130343313529234	-0.03549672692319035
0.006152798798876787	-0.03614522286462427
0.00617525428422434	-0.036785620763795025
0.006197709769571893	-0.03738988909922218
0.006220165254919446	-0.03798860012745029
0.0062426207402669995	-0.03861124246442494
0.006265076225614553	-0.03922709413705933
0.006287531710962106	-0.03980860801010756
0.006309987196309659	-0.04038034934699919
0.006332442681657212	-0.04095480250876534
0.006354898167004765	-0.041500075961834595
0.0063773536523523185	-0.042008204654229546
0.006399809137699872	-0.04251336544731644
0.006422264623047425	-0.043023357922492574
0.006444720108394978	-0.04351597128583342
0.006467175593742531	-0.04400404422598105
0.006489631079090084	-0.044521813636440914
0.0065120865644376375	-0.045060093188334975
0.006534542049785191	-0.04558859322009192
0.006556997535132744	-0.046112848734662294
0.006579453020480297	-0.0466465789949491
0.00660190850582785	-0.04717351409802408
0.006624363991175403	-0.04768917678672681
0.0066468194765229565	-0.04822576014681287
0.00666927496187051	-0.0487978750552538
0.006691730447218063	-0.049383424218010855
0.006714185932565616	-0.04997667173361064
0.006736641417913169	-0.05059473642336217
0.006759096903260722	-0.05122838037060052
0.0067815523886082755	-0.05185077939944646
0.006804007873955829	-0.05246362018673119
0.006826463359303382	-0.053079044773094344
0.006848918844650935	-0.05368607450313045
0.006871374329998488	-0.054282231951560324
0.006893829815346041	-0.05489444962166068
0.0069162853006935945	-0.0555326195932603
0.006938740786041148	-0.056172566020604456
0.006961196271388701	-0.05680047165355697
0.006983651756736254	-0.05741755046204709
0.007006107242083807	-0.05800548474649178
0.00702856272743136	-0.058545895018751
0.0070510182127789135	-0.059056156549779186
0.007073473698126467	-0.059561963150750755
0.00709592918347402	-0.06006997750823432
0.007118384668821573	-0.060592932060910674
0.007140840154169126	-0.06115066013041315
0.007163295639516679	-0.06173318111872825
0.0071857511248642324	-0.06230867733597459
0.007208206610211786	-0.06286060260127173
0.007230662095559339	-0.06338323318960327
0.007253117580906892	-0.06386946745172857
0.007275573066254445	-0.06433079997299629
0.007298028551601998	-0.06480116521328115
0.007320484036949551	-0.06530914883116828
0.007342939522297105	-0.06586573673151787
0.007365395007644658	-0.06647202483868936
0.007387850492992211	-0.06711876940397515
0.007410305978339764	-0.0677812743423949
0.007432761463687317	-0.0684273112262771
0.00745521694903487	-0.06903760801846097
0.007477672434382424	-0.06961444028809718
0.007500127919729977	-0.07016674696496067
0.00752258340507753	-0.0707075076802973
0.007545038890425083	-0.07126757816383159
0.007567494375772636	-0.07187318005072137
0.007589949861120189	-0.07251528229981653
0.0076124053464677426	-0.07317614672442378
0.007634860831815296	-0.07384725395901899
0.007657316317162849	-0.07449812834530564
0.007679771802510402	-0.07509537653372773
0.007702227287857955	-0.07564853662738263
0.007724682773205508	-0.07617252791099345
0.0077471382585530615	-0.07666121276850543
0.007769593743900615	-0.07713875270103139
0.007792049229248168	-0.0776437339169028
0.007814504714595721	-0.07817104463597854
0.007836960199943272	-0.07871548029274969
0.007859415685290824	-0.07929572682448338
0.007881871170638375	-0.07989007280082111
0.007904326655985927	-0.08046174441852535
0.007926782141333478	-0.08102093309752571
0.00794923762668103	-0.08156911773912595
0.007971693112028581	-0.08208423291757219
0.007994148597376132	-0.08258926027187856
0.008016604082723684	-0.08311127033072856
0.008039059568071235	-0.08363393767986202
0.008061515053418787	-0.08416900816840596
0.008083970538766338	-0.08474745718145191
0.00810642602411389	-0.08535138766143284
0.008128881509461441	-0.08597277626775991
0.008151336994808992	-0.08663370980836234
0.008173792480156544	-0.08730784254428636
0.008196247965504095	-0.08796111520769363
0.008218703450851647	-0.08860376947200582
0.008241158936199198	-0.08921871109867768
0.00826361442154675	-0.08978048906930336
0.008286069906894301	-0.09032152063011603
0.008308525392241852	-0.09085857374046685
0.008330980877589404	-0.09137975526383824
0.008353436362936955	-0.09192044659126748
0.008375891848284507	-0.09249999797672491
0.008398347333632058	-0.09308464927571272
0.00842080281897961	-0.09367905332510983
0.008443258304327161	-0.09429109020095318
0.008465713789674712	-0.09487574619989607
0.008488169275022264	-0.09542831528998706
0.008510624760369815	-0.09597252693096103
0.008533080245717367	-0.09648298112417153
0.008555535731064918	-0.09696714259313532
0.00857799121641247	-0.0974706113108428
0.008600446701760021	-0.09797745266093268
0.008622902187107572	-0.09848089158340408
0.008645357672455124	-0.09902270558960022
0.008667813157802675	-0.09958762189440733
0.008690268643150227	-0.10015233231625768
0.008712724128497778	-0.10075159428652788
0.00873517961384533	-0.10137659682575868
0.008757635099192881	-0.10199710774037261
0.008780090584540432	-0.10263864368003266
0.008802546069887984	-0.1032878109137481
0.008825001555235535	-0.10390070009977138
0.008847457040583087	-0.10450081626966515
0.008869912525930638	-0.10509421874477966
0.00889236801127819	-0.10564948444906667
0.008914823496625741	-0.10619847770315877
0.008937278981973292	-0.1067641283914606
0.008959734467320844	-0.10731874324878152
0.008982189952668395	-0.1078832947045779
0.009004645438015947	-0.10847279044865034
0.009027100923363498	-0.10904925516262963
0.00904955640871105	-0.10962508618809205
0.009072011894058601	-0.11021809745287517
0.009094467379406153	-0.11078860919660632
0.009116922864753704	-0.11134248683805566
0.009139378350101255	-0.11190298537897124
0.009161833835448807	-0.11243852821152932
0.009184289320796358	-0.11295805181701837
0.00920674480614391	-0.11349088867347822
0.009229200291491461	-0.11400863034600235
0.009251655776839013	-0.11451958396910902
0.009274111262186564	-0.11505785145739607
0.009296566747534115	-0.11559689917853107
0.009319022232881667	-0.1161411380045268
0.009341477718229218	-0.11672501746372634
0.00936393320357677	-0.11731938179944726
0.009386388688924321	-0.11791797057106848
0.009408844174271873	-0.1185463136955226
0.009431299659619424	-0.11916731264215003
0.009453755144966975	-0.11976986782954992
0.009476210630314527	-0.12038808383229356
0.009498666115662078	-0.12099674078074071
0.00952112160100963	-0.12158756956332063
0.009543577086357181	-0.1221941153081712
0.009566032571704733	-0.12278823051680368
0.009588488057052284	-0.12335644505267059
0.009610943542399835	-0.12393283675804745
0.009633399027747387	-0.12449282983899494
0.009655854513094938	-0.12502542256631427
0.00967830999844249	-0.12557179347917485
0.009700765483790041	-0.12611540873760452
0.009723220969137593	-0.12664602125869187
0.009745676454485144	-0.1272011236598824
0.009768131939832695	-0.1277592317422902
0.009790587425180247	-0.12830472849965954
0.009813042910527798	-0.12887202843814918
0.00983549839587535	-0.12943736967229438
0.009857953881222901	-0.1299824667847758
0.009880409366570453	-0.13054209630544872
0.009902864851918004	-0.13109697248468388
0.009925320337265555	-0.13163530747928268
0.009947775822613107	-0.13219650654828563
0.009970231307960658	-0.13276112694611558
0.00999268679330821	-0.13331537122308285
0.010015142278655761	-0.13389728557647737
0.010037597764003313	-0.1344859736798388
0.010060053249350864	-0.1350670626509209
0.010082508734698415	-0.13567745884031696
0.010104964220045967	-0.13629294312043957
0.010127419705393518	-0.13689680477980465
0.01014987519074107	-0.13752312003166417
0.010172330676088621	-0.13814154732110107
0.010194786161436173	-0.1387312458245007
0.010217241646783724	-0.13932729029581853
0.010239697132131275	-0.1399047204503865
0.010262152617478827	-0.140452301265663
0.010284608102826378	-0.14101250122070108
0.01030706358817393	-0.14156137671082103
0.010329519073521481	-0.14208724968013597
0.010351974558869036	-0.14263156975244917
0.010374430044216591	-0.14316872791045213
0.010396885529564146	-0.14368783158901427
0.010419341014911702	-0.14423073715670548
0.01044179650025926	-0.1447717434395017
0.010464251985606823	-0.14530267295674112
0.01048670747095439	-0.14586592154812328
0.010509162956301964	-0.14643313732830723
0.010531618441649546	-0.1469940850466047
0.010554073926997143	-0.14758669252858558
0.010576529412344758	-0.14817861719599076
0.010598984897692398	-0.1487596263364871
0.010621440383040075	-0.14936468164234482
0.0106438958683878	-0.14995852896968065
0.010666351353735589	-0.15053404364386533
0.010688806839083465	-0.15112877273266725
0.010711262324431455	-0.15171095934505235
0.010733717809779598	-0.15227909744842869
0.01075617329512794	-0.1528692352429032
0.01077862878047654	-0.15344729173611513
0.010801084265825472	-0.15401477204019495
0.010823539751174834	-0.15460678256733756
0.010845995236524743	-0.1551883643402591
0.010868450721875348	-0.155762497577225
0.010890906207226828	-0.15635799130338343
0.010913361692579412	-0.15693464195684326
0.010935817177933377	-0.15749651540032691
0.010958272663289059	-0.15806950654651578
0.010980728148646866	-0.15861505472213308
0.0110031836340073	-0.1591461655042036
0.011025639119370953	-0.15969207659477522
0.011048094604738544	-0.16021920988671445
0.01107055009011093	-0.16074669844888367
0.011093005575489128	-0.16129832146963172
0.011115461060874344	-0.16183641595906276
0.011137916546268	-0.16238100454322998
0.011160372031671771	-0.1629507417488315
0.011182827517087613	-0.16350847784268902
0.011205283002517812	-0.16407835887354896
0.011227738487965024	-0.16467391230690445
0.011250193973432321	-0.16525755520962213
0.011272649458923256	-0.16585587925832762
0.011295104944441909	-0.16647576523869181
0.011317560429992957	-0.16707832071398251
0.01134001591558174	-0.16769058233112674
0.011362471401214335	-0.16831192928902902
0.011384926886897634	-0.16890470549900266
0.011407382372639427	-0.1694998411637148
0.011429837858448493	-0.1700929229270882
0.011452293344334681	-0.1706509630089017
0.011474748830309007	-0.17121023987965056
0.011497204316383755	-0.17176473187255334
0.01151965980257258	-0.17228931056346314
0.011542115288890615	-0.17282597331310143
0.011564570775354575	-0.17336529021453928
0.011587026261982844	-0.17388655384145038
0.011609481748795565	-0.1744321382362702
0.011631937235814759	-0.17498578620922015
0.011654392723064433	-0.17552906752126354
0.01167684821057069	-0.17610079546734872
0.01169930369836179	-0.17667517608909625
0.011721759186468178	-0.1772357571009224
0.011744214674922525	-0.17781998319231573
0.01176667016375981	-0.17839965233599897
0.011789125653017447	-0.17896738105958698
0.01181158114273533	-0.17956074174083594
0.011834036632955744	-0.18014716970091488
0.011856492123723176	-0.18072342299194702
0.011878947615084248	-0.18132184687178235
0.011901403107087857	-0.18190540422319226
0.011923858599785345	-0.1824774851147454
0.011946314093230373	-0.18306800016473296
0.011968769587478358	-0.18364024424166128
0.011991225082585898	-0.18420680130730321
0.012013680578610762	-0.18479427519852332
0.012036136075612448	-0.1853646726182214
0.012058591573652478	-0.18593490986083444
0.012081047072793527	-0.18652325867330366
0.012103502573097745	-0.18709049813926343
0.012125958074625895	-0.18765928974680626
0.012148413577438438	-0.18824128320373348
0.012170869081597292	-0.18879803201382578
0.012193324587165532	-0.18935624187307132
0.012215780094204046	-0.18992002567896774
0.012238235602768235	-0.19045536647620825
0.01226069111290894	-0.19099645347262925
0.01228314662467728	-0.19154335113185422
0.01230560213812731	-0.19206905597917284
0.01232805765331133	-0.19261304029341175
0.01235051317027152	-0.1931691894414438
0.012372968689038161	-0.19371586324742618
0.012395424209638777	-0.19429202907018267
0.012417879732108134	-0.1948797451128994
0.012440335256484619	-0.19545854111315636
0.012462790782793637	-0.19606374789346054
0.012485246311037767	-0.19666911067464624
0.012507701841209544	-0.19726140325901317
0.012530157373314772	-0.19787516207762149
0.012552612907375716	-0.1984790763127263
0.012575068443404286	-0.1990685476769595
0.012597523981376098	-0.1996757821228154
0.012619979521242943	-0.20026467090332895
0.01264243506297529	-0.20083698377204184
0.01266489060658142	-0.20141864240575819
0.012687346152071377	-0.20197117639476184
0.0127098016994062	-0.20250831510989983
0.012732257248502283	-0.20305622011403643
0.012754712799295813	-0.20358074834473522
0.012777168351787544	-0.204105605771281
0.012799623906002254	-0.20464959063238575
0.012822079461907429	-0.20517798550143432
0.01284453501940022	-0.2057197421318183
0.012866990578390858	-0.20628425934311084
0.012889446138878564	-0.20683726621255105
0.012911901700914134	-0.20740988274319538
0.012934357264490645	-0.2080001030361884
0.012956812829507905	-0.20857615781167463
0.012979268395865719	-0.20917135753229188
0.013001723963566397	-0.20977380189952988
0.01302417953268754	-0.210356701391346
0.013046635103258626	-0.21095494792574157
0.01306909067520718	-0.21155021969925222
0.013091546248447251	-0.21212598507159705
0.01311400182298969	-0.21271876968663958
0.013136457398927099	-0.21330337257213822
0.013158912976319943	-0.21387084186190894
0.013181368555139588	-0.2144543616725023
0.013203824135335551	-0.21502310702828686
0.013226279716924532	-0.21557805822961668
0.013248735299984698	-0.2161488215259664
0.01327119088457959	-0.2167016019033257
0.013293646470719908	-0.21724800815898893
0.013316102058397254	-0.21781346520964676
0.013338557647625452	-0.21836387084551032
0.013361013238440252	-0.21891878812449717
0.013383468830881262	-0.2194929578839656
0.013405924424987139	-0.22004884624731602
0.013428380020790517	-0.22061060690949957
0.013450835618301458	-0.2211837597121
0.013473291217509661	-0.2217350438446838
0.013495746818421602	-0.2222965511347411
0.013518202421084285	-0.22286667784773512
0.013540658025548378	-0.22341879723149852
0.013563113631811792	-0.22398962474200937
0.013585569239825353	-0.22456848299818985
0.01360802484955768	-0.22513430903542808
0.013630480461028374	-0.22572271188370588
0.013652936074264285	-0.22631245785745954
0.013675391689244532	-0.22688952184938305
0.01369784730590912	-0.2274877426808962
0.013720302924209634	-0.2280787716340709
0.013742758544131066	-0.2286573972299944
0.013765214165670876	-0.2292531655546945
0.013787669788817772	-0.22983306050178612
0.013810125413550685	-0.23040270035320365
0.01383258103984165	-0.23098705091019595
0.013855036667659346	-0.23155131818522007
0.013877492296985454	-0.2321101672602742
0.013899947927827944	-0.23268025247568325
0.013922403560200877	-0.23322702565100553
0.01394485919408797	-0.23377426163782156
0.013967314829443654	-0.23433079308575894
0.013989770466236019	-0.2348658829434339
0.014012226104471328	-0.23541044074307207
0.01403468174416727	-0.2359645124228716
0.014057137385319624	-0.23650376011944405
0.014079593027910247	-0.23706379552400306
0.014102048671936608	-0.23763444198376044
0.01412450431741956	-0.2381964964207538
0.014146959964391697	-0.23878373463058422
0.01416941561289214	-0.2393743159762592
0.014191871262964093	-0.239955734357953
0.014214326914641468	-0.24055880583884798
0.01423678256794165	-0.24115391876687964
0.014259238222882331	-0.24173830117378256
0.014281693879496665	-0.2423393675572839
0.014304149537815737	-0.24292444612930858
0.014326605197840743	-0.24350220123912716
0.01434906085954768	-0.2440940241223377
0.01437151652291627	-0.24466495388864837
0.01439397218794105	-0.24523207572262498
0.014416427854619846	-0.24580808872391022
0.014438883522949161	-0.2463597798922989
0.014461339192930623	-0.24691291143252833
0.014483794864568581	-0.24747158444766995
0.014506250537863738	-0.24800763153635627
0.014528706212822469	-0.24855349288064102
0.014551161889467666	-0.24910503568583775
0.014573617567822501	-0.2496420863676835
0.014596073247882459	-0.25019965829512214
0.014618528929615593	-0.25076260545078705
0.014640984612986827	-0.2513166629844624
0.014663440297966844	-0.2518936346377569
0.014685895984519803	-0.2524688008536568
0.014708351672599507	-0.2530372410162913
0.01473080736216031	-0.25362729991755023
0.014753263053163183	-0.2542091166285867
0.014775718745578075	-0.2547886738535907
0.014798174439397105	-0.25538838933196667
0.014820630134643964	-0.25597540520196477
0.014843085831357471	-0.25656427877196186
0.014865541529568609	-0.2571670609322575
0.014887997229303679	-0.2577495204704584
0.01491045293060024	-0.25833367076979696
0.014932908633501064	-0.25892221664334353
0.014955364338032656	-0.2594858050509095
0.014977820044199383	-0.26005381894629526
0.015000275751991804	-0.2606200616409537
0.015022731461389369	-0.26116290990471325
0.015045187172363621	-0.2617161093034185
0.015067642884893642	-0.2622652589499641
0.015090098598975752	-0.2627984083358508
0.015112554314612886	-0.2633493054212061
0.015135010031806978	-0.26389545799731057
0.015157465750573008	-0.26443479230871136
0.015179921470950423	-0.2649971560164783
0.015202377192989726	-0.26555397833005323
0.015224832916734134	-0.26611258643406266
0.015247288642216637	-0.26669477434208844
0.015269744369458577	-0.26726821524137767
0.01529220009846001	-0.2678492691360073
0.015314655829199643	-0.2684504759398996
0.015337111561647876	-0.26903981131961296
0.015359567295769622	-0.26964023080595806
0.015382023031514983	-0.2702517860716678
0.015404478768824193	-0.27084431786876995
0.015426934507648498	-0.27144440376112117
0.015449390247959308	-0.27204094434793585
0.01547184598974159	-0.27261181316796024
0.015494301732992918	-0.27318799336037
0.015516757477727447	-0.27375201476313826
0.01553921322396785	-0.2742948372477526
0.015561668971734083	-0.27484920627643733
0.015584124721046692	-0.2753916151026353
0.01560658047193125	-0.2759237463754381
0.015629036224405993	-0.2764727976673262
0.015651491978469736	-0.2770096171609844
0.015673947734109683	-0.27754644433246417
0.01569640349131371	-0.2781032799698711
0.015718859250070102	-0.2786499040683338
0.015741315010367414	-0.27920789078880837
0.015763770772202614	-0.279786697866149
0.01578622653558176	-0.28035694806249933
0.01580868230051114	-0.28094564938547567
0.01583113806699891	-0.2815491276399265
0.015853593835065967	-0.28214073057525785
0.01587604960474289	-0.2827488014456483
0.015898505376054844	-0.28335720067287545
0.01592096114901767	-0.2839471335567501
0.015943416923644153	-0.2845482437750158
0.015965872699942926	-0.285136956274857
0.015988328477914943	-0.2857067038493388
0.016010784257559516	-0.2862859136357003
0.01603324003887824	-0.2868465063990358
0.016055695821866754	-0.2873948123184367
0.016078151606510892	-0.2879542132433332
0.01610060739279642	-0.2884944957432147
0.016123063180713725	-0.2890329819506075
0.01614551897024934	-0.28958429311733636
0.016167974761382216	-0.29011934963776526
0.016190430554090137	-0.29066440035004
0.016212886348351427	-0.2912231581808254
0.016235342144142136	-0.29177015669824674
0.016257797941441894	-0.2923361349586256
0.01628025374024146	-0.292912558490773
0.016302709540538123	-0.29348049933551446
0.016325165342107425	-0.2940714654735819
0.016347621143571852	-0.2946652004767244
0.016370076942424754	-0.29525064484828206
0.016392532737634368	-0.29585544872501773
0.01641498852935324	-0.29645047281663534
0.016437444317615072	-0.2970356442198809
0.016459900102391168	-0.29763374332081294
0.01648235588371987	-0.2982124877431511
0.016504811661826012	-0.29878422765848295
0.016527267437112785	-0.29936477141529816
0.01654972321005308	-0.29992303415788096
0.01657217898109452	-0.30048211997694085
0.01659463475061299	-0.3010480190068309
0.016617090518913247	-0.30159324237348123
0.016639546286221905	-0.3021471853857422
0.016662002052644967	-0.302704404279665
0.016684457818083587	-0.30324468978669533
0.016706913581362264	-0.3038008877760821
0.016729369340403286	-0.3043576572363488
0.0167518250955712	-0.30490492586270584
0.01677428084737622	-0.3054744049768928
0.0167967365963098	-0.3060419362804448
0.01681919234283111	-0.3066075486627518
0.016841648087417286	-0.307196027443292
0.01686410383058459	-0.3077758459660382
0.016886559572825918	-0.30835622940481233
0.01690901531446267	-0.30895242503118114
0.016931471053657148	-0.30953181117196504
0.016953926789679594	-0.3101144195011799
0.016976382521820526	-0.3107062030766653
0.016998838250053966	-0.31127856163265216
0.01702129397451454	-0.3118591135306762
0.017043749695523396	-0.312442450575964
0.017066205413556038	-0.31300649865998526
0.01708866112913727	-0.3135818984703756
0.01711111684270958	-0.31415226120280104
0.017133572554555557	-0.31470529010389975
0.01715602826483242	-0.3152715915275731
0.017178483973684745	-0.3158275604490332
0.017200939681323406	-0.31637370445016444
0.01722339538798883	-0.3169369038033031
0.017245851093827935	-0.31748867779076406
0.0172683067976911	-0.31804048775980476
0.017290762497349347	-0.31861004578922236
0.017313218193132127	-0.31916673794884415
0.01733567388543527	-0.31973106148126573
0.01735812957470979	-0.3203093767763186
0.017380585261465464	-0.32087358071966293
0.01740304094625326	-0.32145086778623866
0.01742549662961086	-0.32203588944907874
0.017447952311996102	-0.32260722239304074
0.01747040799374719	-0.32319488024407533
0.017492863673609277	-0.32378218138944254
0.017515319349941903	-0.3243569750849503
0.017537775022514863	-0.32494792626763463
0.01756023069128801	-0.32552989459154613
0.0175826863563661	-0.3261022625024558
0.0176051420180537	-0.3266885156762463
0.017627597676788904	-0.3272583990105365
0.017650053333010278	-0.327822661210573
0.017672508987063136	-0.328396627588072
0.01769496463920627	-0.3289502798861332
0.017717420289686026	-0.3295054448306666
0.017739875938787515	-0.33006796002210603
0.01776233158680253	-0.3306123853819238
0.01778478723393724	-0.33116778175223477
0.017807242880125116	-0.33172857114071835
0.01782969852422211	-0.33227627992654396
0.017852154164154786	-0.33284174980634684
0.01787460980013541	-0.333407866665405
0.01789706543270911	-0.3339654581118846
0.01791952106242224	-0.334543143121826
0.01794197668974849	-0.33511584120329746
0.017964432315110447	-0.33568597688453583
0.017986887938944478	-0.3362760097472924
0.01800934356171889	-0.3368558917360283
0.018031799183866076	-0.33743798769030087
0.01805425480431401	-0.338034103300843
0.018076710421246388	-0.33861304627346017
0.0180991660341589	-0.3391954314706235
0.01812162164320362	-0.33978159695123905
0.018144077248710613	-0.3403454090392527
0.018166532851042607	-0.3409146648081677
0.018188988450483716	-0.34148019656985906
0.018211444047254218	-0.34202607747060004
0.018233899641615946	-0.3425830830871747
0.01825635523394291	-0.34313263638945496
0.018278810824670394	-0.3436695077926447
0.0183012664141616	-0.3442212443958935
0.018323722002612022	-0.34476197325902186
0.018346177590068548	-0.345298057042693
0.01836863317652283	-0.3458501546375492
0.018391088761115212	-0.3463894655035241
0.018413544341629662	-0.34693310409817907
0.018435999918248465	-0.347491466799262
0.018458455491413856	-0.34803649966051986
0.018480911061625353	-0.3485922391792913
0.018503366629391782	-0.3491557700917262
0.018525822195206845	-0.34970285502027093
0.018548277759541067	-0.35026038829836104
0.01857073332283044	-0.3508133697089997
0.018593188885448222	-0.3513467060329985
0.01861564444628337	-0.3518878183522785
0.01863810000355981	-0.35241338576025943
0.018660555556966874	-0.3529205802701061
0.018683011106636074	-0.35343334855742004
0.018705466652753883	-0.35392352887959294
0.01872792219553883	-0.35440053058246157
0.018750377735258342	-0.3548805098440784
0.018772833272250364	-0.3553343415043068
0.01879528880691	-0.3557819536237804
0.018817744339638565	-0.3562292600241229
0.01884019987078903	-0.3566508056336038
0.01886265540064127	-0.3570735755184449
0.018885110929406146	-0.35749147245860335
0.01890756645722935	-0.3578855685170695
0.01893002198417351	-0.35828467954003757
0.018952477509244024	-0.3586712229454692
0.018974933030271125	-0.35903577599007447
0.01899738854745302	-0.3594045465658226
0.019019844061200594	-0.35975125939187874
0.019042299572001962	-0.3600773425179921
0.019064755080368753	-0.36040219197217116
0.019087210586790457	-0.36069525517637846
0.019109666091715553	-0.36096903016776943
0.019132121595548997	-0.3612336151845902
0.01915457709863941	-0.3614597119800193
0.01917703259981678	-0.3616695139354411
0.01919948809746581	-0.3618627420355495
0.019221943591288433	-0.3620161438923138
0.019244399081376266	-0.3621574039753253
0.019266854567890776	-0.36227461966215047
0.019289310051070707	-0.3623526826185005
0.019311765531226505	-0.3624189679657669
0.019334221008715707	-0.36245140700967265
0.019356676483909804	-0.36244579698345225
0.019379131957166274	-0.36242547334721165
0.019401587428809725	-0.36236220028128874
0.019424042899117148	-0.3622628664911015
0.019446498368302933	-0.3621417012379919
0.019468953836505303	-0.36196749653197513
0.019491409303777647	-0.3617562654856415
0.01951386476927457	-0.36151080854077156
0.019536320230917063	-0.3612018918529897
0.019558775688739462	-0.3608505051856037
0.0195812311431271	-0.36044537899304885
0.019603686594512226	-0.359963966238986
0.019626142043364023	-0.3594329016428869
0.019648597490179526	-0.35883419887664714
0.019671052935454358	-0.3581552717532206
0.01969350837963275	-0.35741492466762464
0.01971596382305918	-0.356582274785872
0.019738419264725617	-0.35565893739426174
0.01976087470283314	-0.35466409342630806
0.019783330137133345	-0.35356343466086165
0.019805785567715214	-0.35236244220035645
0.01982824099473576	-0.3510677152744435
0.0198506964184171	-0.34965303760384386
0.019873151839049724	-0.3481459448044365
0.01989560725698517	-0.3465320594101576
0.019918062672607116	-0.34479406721250255
0.019940518086288963	-0.3429579933982363
0.019962973498358474	-0.34100901902098224
0.01998542890908276	-0.33894865298513366
0.02000788431866721	-0.3367937956800304
